-19.325,-18.337,-18.666,-19.397,-18.979,-19.849,-19.782,-20.594,-20.401,-19.923,-20.389,-20.413,-20.672,-20.186,-19.999,-18.356,-15.855,-13.466,-15.358,-13.414,17.576,31.189,30.315,30.59,30.237,30.52,30.871,31.157,31.449,31.695,32.352,33.059,33.735,35.446,36.475,37.528,38.19,37.925
-18.445,-18.563,-18.94,-19.673,-19.811,-18.94,-19.768,-20.207,-18.831,-19.923,-20.658,-19.968,-21.728,-20.71,-19.687,-18.264,-16.746,-13.466,-15.243,-14.215,15.119,31.893,30.836,30.75,30.59,30.59,30.871,31.158,31.448,31.744,32.35,32.706,33.719,35.056,36.093,37.457,38.19,37.939
-18.426,-18.691,-19.091,-19.792,-20.183,-18.94,-20.713,-20.528,-19.643,-20.221,-20.789,-20.072,-20.144,-20.129,-19.974,-18.729,-16.629,-13.795,-15.243,-14.773,13.378,26.26,27.92,31.021,30.668,30.59,30.517,30.804,31.158,31.744,32.045,32.662,33.366,34.355,35.382,36.796,37.574,37.849
-18.803,-18.31,-18.406,-18.924,-18.979,-18.929,-19.995,-20.594,-20.734,-20.799,-20.898,-20.707,-20.21,-19.508,-18.93,-17.733,-17.458,-13.247,-15.394,-15.231,11.223,-6.3317,17.226,32.158,30.668,30.518,30.517,31.095,31.037,31.693,31.997,32.662,33.328,34.036,35.066,36.115,37.139,37.869
-18.685,-18.629,-18.814,-18.979,-19.01,-19.171,-19.995,-20.143,-19.815,-21.166,-20.59,-20.656,-20.679,-19.792,-18.729,-17.988,-14.926,-13.366,-15.394,-14.684,2.4265,-24.18,13.174,32.158,30.668,30.518,30.45,30.804,31.095,31.34,31.998,32.66,33.294,33.969,35.026,36.052,36.757,37.202
-18.951,-19.026,-18.814,-18.729,-19.25,-19.711,-20.143,-20.734,-19.815,-21.101,-19.464,-20.21,-20.059,-19.146,-17.819,-15.045,-10.166,-14.103,-15.258,-14.139,-10.14,-17.863,3.1678,32.51,30.59,30.871,30.59,30.804,31.393,31.337,31.289,31.998,32.975,33.619,34.351,35.378,36.382,36.86
-19.27,-19.47,-18.924,-18.909,-18.88,-19.935,-21.197,-19.815,-19.542,-21.543,-20.587,-19.662,-19.35,-18.729,-17.431,-7.7035,-4.608,-13.652,-15.95,-14.569,-17.65,-16.451,-12.12,31.103,30.944,30.59,30.517,30.804,31.448,31.448,31.645,31.997,32.352,33.33,34.389,35.001,36.015,36.18
-20.18,-19.106,-19.01,-19.28,-19.034,-20.397,-20.577,-19.969,-20.789,-21.132,-20.717,-20.043,-25.547,-19.622,-13.387,3.1369,14.629,-13.413,-15.78,-15.396,-17.446,-16.323,-22.311,27.918,30.944,30.668,30.871,30.871,31.391,31.391,31.693,32.045,32.66,33.648,34.35,34.978,35.68,35.805
-21.327,-20.16,-19.01,-19.628,-19.803,-20.601,-20.658,-21.233,-20.559,-20.085,-20.71,-20.413,-18.645,-16.069,-12.523,20.761,26.409,-13.691,-16.366,-15.918,-9.8989,-20.797,-24.248,19.749,31.726,31.022,30.871,31.157,31.225,31.391,31.693,32.045,32.621,33.33,34.351,35.054,35.681,35.798
-19.551,-20.085,-20.585,-20.601,-20.292,-20.663,-20.898,-20.643,-19.955,-20.517,-20.623,-19.568,-23.746,-14.78,-17.038,5.3518,27.844,-12.38,-16.366,-16.455,-4.3829,-25.026,-18.344,-0.6993,32.357,30.59,30.944,31.159,31.158,31.746,32.002,32.355,32.704,33.328,34.384,34.999,35.701,35.501
-18.833,-18.229,-19.106,-19.753,-20.01,-21.315,-20.559,-20.564,-20.206,-20.61,-20.074,-18.588,-14.892,-25.279,-15.072,-18.825,0.52137,-10.527,-16.166,-17.216,-3.7563,-12.368,-16.644,-25.488,23.375,31.579,30.59,30.871,31.45,31.744,31.955,32.045,33.057,33.328,34.35,35.024,35.701,35.501
-16.989,-18.027,-17.797,-18.416,-19.183,-20.207,-19.396,-20.174,-20.206,-20.171,-19.422,-15.965,-7.6328,10.264,-19.133,-14.831,-19.419,-17.426,-16.331,-17.061,-5.7302,-5.323,-17.505,-21.505,5.3323,32.43,30.518,30.804,31.158,31.691,31.692,32.351,32.704,33.682,34.673,35.405,35.726,35.501
-16.14,-16.915,-16.746,-17.522,-18.083,-19.171,-19.59,-19.498,-20.085,-19.662,-21.599,-13.651,4.0831,29.116,31.621,-26.728,-17.072,-18.696,-21.478,-17.004,-7.2558,-13.03,-16.429,-20.289,-6.4599,31.807,30.806,30.804,31.45,31.693,32.046,32.308,32.704,33.682,34.706,35.405,35.726,35.854
-15.852,-16.232,-15.866,-16.523,-17.236,-18.409,-19.019,-19.846,-20.153,-19.65,-21.519,-15.593,1.7563,36.202,41.516,18.589,-17.967,-15.969,-18.543,-25.571,-21.447,-24.009,-17.396,-19.131,-18.141,28.982,30.944,30.871,31.511,31.802,32.099,32.351,32.704,33.68,34.422,35.755,36.11,36.007
-15.173,-15.201,-15.996,-15.931,-16.587,-16.937,-18.346,-19.828,-20.142,-19.034,-21.366,-14.271,-16.02,-8.1509,26.898,42.419,-2.0126,-14.02,-18.399,-20.193,-20.193,-17.462,-17.708,-19.42,-26.583,20.568,32.002,31.157,31.511,31.802,32.402,32.707,33.017,33.682,34.422,35.405,36.14,36.078
-14.834,-14.508,-14.764,-15.397,-15.371,-16.096,-17.851,-18.754,-20.527,-17.554,-8.1624,-22.523,-14.45,-14.994,-19.311,18.076,12.392,-14.589,-17.18,-18.304,-17.801,-16.34,-17.141,-18.583,-20.309,7.4423,32.706,31.225,31.578,31.864,32.098,32.35,32.704,33.33,34.384,35.405,36.456,36.138
-14.324,-14.362,-13.715,-13.76,-14.152,-15.168,-16.672,-18.083,-19.846,-15.256,12.553,30.052,-4.3606,-14.614,-16.056,-20.722,-25.818,-15.812,-15.592,-15.762,-16.414,-15.151,-16.262,-17.634,-17.634,-8.753,31.726,31.157,31.515,31.864,32.155,32.351,32.704,33.33,34.385,35.405,36.107,36.138
-13.33,-13.629,-13.415,-12.912,-13.133,-13.848,-15.164,-17.521,-19.568,-9.814,17.603,33.438,35.702,4.9667,-19.585,-14.09,-14.305,-15.734,-15.965,-14.729,-16.63,-14.499,-15.762,-16.847,-16.202,-23.91,27.751,31.932,31.579,31.802,32.099,32.398,32.752,33.411,34.432,35.438,36.224,36.202
-12.974,-12.5,-12.021,-12.021,-12.085,-12.82,-13.639,-16.672,-19.421,-7.962,18.041,31.597,33.513,35.76,19.849,-25.294,-13.232,-15.285,-15.965,-14.903,-15.583,-13.699,-14.633,-16.202,-15.741,-24.51,21.573,32.636,31.579,31.802,32.156,32.451,32.752,33.411,34.469,35.44,36.182,36.327
-12.616,-11.941,-11.812,-11.245,-11.015,-11.731,-12.626,-15.793,-18.836,-6.5195,19.495,32.996,34.297,34.549,38.267,18.839,-15.613,-16.157,-16.293,-16.414,-14.669,-12.262,-13.126,-15.603,-15.759,-19.781,7.6365,33.414,31.649,31.864,32.217,32.451,32.804,33.409,34.118,35.44,36.14,36.255
-11.754,-11.574,-11.303,-10.374,-10.671,-11.048,-12.289,-15.733,-18.818,-8.1361,-9.586,-4.6196,-1.5393,-7.2157,-3.1361,-12.021,-15.133,-16.791,-17.31,-17.739,-16.294,-12.246,-12.157,-14.781,-15.312,-18.975,-20.491,22.147,33.341,31.931,32.157,32.508,32.752,33.366,34.427,35.128,36.266,36.009
-11.54,-11.278,-10.671,-9.8027,-9.7296,-10.8,-11.928,-15.403,-17.972,-16.109,-14.344,-14.305,-15.125,-15.125,-17.614,-14.533,-14.671,-16.44,-17.415,-17.999,-17.557,-13.466,-12.339,-14.182,-14.101,-18.501,-22.004,-16.072,25.329,32.218,32.156,32.452,32.752,33.411,34.114,35.128,36.219,35.992
-11.261,-10.952,-9.8606,-9.2204,-9.0907,-10.098,-11.055,-15.403,-17.972,-11.49,-26.324,-20.193,-18.577,-14.614,-14.873,-13.129,-15.072,-17.452,-17.452,-17.887,-17.567,-15.241,-12.949,-13.906,-12.286,-14.45,-19.496,-19.638,-14.045,23.54,32.57,32.452,32.804,33.104,34.118,35.128,35.869,36.009
-10.817,-10.537,-10.212,-9.2121,-9.0067,-9.727,-10.696,-14.826,-18.421,-4.9288,15.867,27.337,26.26,12.784,4.383,-7.8222,-18.456,-16.894,-17.999,-17.35,-17.415,-17.051,-14.87,-14.273,-12.151,-12.279,-16.531,-19.423,-20.78,-9.0763,26.47,32.922,32.752,33.107,34.076,34.817,35.919,36.069
-10.978,-10.067,-9.6079,-8.984,-9.1937,-9.8662,-10.701,-15.145,-18.444,-5.6945,17.065,35.88,39.433,39.931,41.719,35.577,-23.469,-14.847,-17.002,-16.65,-16.308,-17.481,-16.522,-15.592,-14.793,-14.512,-14.699,-18.276,-20.488,-23.559,-2.2277,29.335,33.458,33.107,33.763,34.824,35.966,35.799
-10.683,-10.269,-9.7284,-8.984,-8.3566,-9.4202,-11.062,-15.97,-18.421,-5.5248,16.264,34.91,38.38,39.506,40.358,6.195,-14.874,-15.508,-17.415,-17.415,-16.626,-16.894,-16.522,-15.812,-16.458,-15.696,-15.195,-17.165,-19.518,-20.876,-24.78,4.1164,30.284,33.458,33.814,34.87,35.565,35.534
-10.879,-9.7053,-9.369,-8.575,-8.7735,-9.4202,-11.048,-15.729,-18.729,-5.5248,15.854,36.154,40.883,31.159,-5.8358,-18.612,-15.224,-16.39,-16.359,-16.601,-16.182,-15.811,-15.46,-16.011,-16.458,-16.065,-16.207,-16.882,-18.194,-19.379,-20.465,-24.279,3.6975,30.346,34.165,34.469,35.324,35.534
-9.9093,-9.9807,-9.2146,-8.7368,-8.8949,-9.5948,-11.015,-15.697,-18.421,-5.5872,16.336,28.265,-6.566,-24.442,-14.942,-16.09,-14.965,-14.526,-13.337,-14.182,-14.942,-14.509,-14.642,-14.633,-15.592,-15.153,-14.32,-15.69,-17.152,-18.022,-19.09,-19.613,-23.922,5.2997,30.622,34.566,35.38,35.386
-9.9766,-9.9807,-9.3593,-8.8246,-8.7735,-10.063,-11.42,-15.792,-18.042,-6.0022,17.794,-1.479,-11.702,-14.637,-21.244,-13.336,15.29,-4.6715,-17.634,-12.323,-11.96,-13.382,-13.129,-13.207,-14.669,-12.949,-11.083,-14.45,-17.346,-17.592,-18.05,-18.751,-19.09,-22.366,4.5489,29.583,35.444,35.386
-10.389,-9.6926,-9.3593,-8.6176,-8.6431,-9.9606,-11.062,-16.364,-18.042,-5.5872,16.379,9.5217,-16.763,-1.7864,26.591,39.146,42.232,12.078,-19.463,-20.929,-13.472,-10.231,-10.53,-10.779,-10.298,-9.4141,-9.2794,-13.397,-16.323,-17.75,-17.796,-17.767,-17.525,-18.691,-22.623,5.065,29.106,35.453
-10.02,-9.3806,-9.3202,-8.7042,-8.5857,-9.814,-11.242,-16.641,-18.793,-5.9553,14.898,36.729,40.548,41.641,41.729,40.704,41.566,13.609,-17.548,-17.967,-19.663,-19.749,-0.85737,-4.3464,-23.461,-6.6983,-8.4966,-12.491,-14.448,-16.141,-17.055,-16.583,-17.071,-17.446,-18.4,-22.318,-1.1997,27.27
-10.795,-9.7388,-8.9395,-8.575,-9.0577,-10.14,-12.289,-16.102,-19.183,-6.3725,14.898,36.565,40.201,40.267,41.576,41.996,43.453,16.166,-17.908,-18.193,-18.679,-11.672,27.736,34.874,24.806,-20.16,-7.694,-10.36,-12.245,-14.144,-15.5,-16.648,-16.647,-17.007,-17.111,-16.346,-20.821,-3.4452
-10.468,-9.4971,-9.3202,-9.001,-9.1416,-10.325,-11.938,-16.681,-18.421,-6.1803,14.56,36.287,40.201,40.537,41.651,42.009,43.72,17.912,-17.908,-18.193,-18.679,-13.283,24.091,32.683,33.734,12.721,-11.999,-8.8792,-10.742,-12.867,-14.127,-15.831,-16.004,-15.788,-16.171,-15.749,-15.107,-19.633
-10.177,-9.9642,-9.3419,-9.001,-9.369,-10.654,-12.283,-17.266,-18.421,-6.2591,14.167,36.363,40.129,40.201,41.651,41.996,43.785,19.427,-17.963,-18.514,-18.044,-14.743,22.418,32.883,32.332,31.193,-12.331,-7.9352,-9.4431,-11.816,-14.149,-15.498,-16.312,-16.008,-16.06,-15.253,-14.324,-14.258
-10.604,-9.5248,-9.4167,-9.369,-9.4379,-10.498,-12.391,-17.55,-18.421,-6.5453,13.947,36.101,39.931,40.024,41.663,42.075,43.441,20.616,-17.797,-18.977,-18.528,-16.474,20.679,33.13,31.981,33.384,18.94,-17.748,-7.711,-10.656,-13.317,-14.814,-15.919,-16.127,-15.788,-15.107,-14.322,-13.231
-11.097,-9.8491,-9.602,-9.5813,-10.063,-10.853,-12.179,-16.563,-18.468,-6.3281,13.638,36.094,39.912,40.024,41.479,41.996,43.19,21.441,-18.107,-18.572,-18.966,-16.933,18.672,33.329,32.076,32.177,32.944,0.83282,-8.4773,-8.9928,-11.746,-12.984,-15.129,-16.127,-15.831,-14.919,-13.209,-12.364
-10.295,-10.325,-9.9642,-9.7284,-10.166,-11.207,-13.215,-17.475,-19.569,-6.8188,13.341,35.745,39.393,39.415,41.122,41.467,42.846,22.881,-17.091,-18.572,-18.733,-17.701,16.55,33.672,32.076,32.076,33.033,28.631,-15.669,-7.711,-9.803,-11.786,-12.473,-13.649,-14.974,-15.107,-14.155,-11.806
-10.226,-10.217,-10.067,-9.8917,-10.212,-11.504,-13.679,-18.254,-18.468,-7.1749,12.613,35.481,39.046,36.768,40.53,41.122,42.501,23.708,-16.855,-18.29,-18.528,-17.894,14.422,33.674,32.076,32.175,32.332,33.645,22.125,-19.603,-8.2404,-10.178,-11.443,-12.195,-14.002,-15.107,-14.45,-12.126
