0.01591,0.030415,0.0084502,0.011607,0.010599,-0.025222,-0.029832,-0.015837,-0.032979,-0.020968,-0.017244
0.019318,0.015227,0.018283,0.02377,0.010943,0.0087685,-0.021273,-0.011857,-0.024426,-0.014075,-0.0305
0.0095345,0.040578,0.018708,0.029914,0.026383,0.00069943,-0.018765,-0.018768,-0.0061802,-0.00041228,-0.0030851
0.010033,0.015834,0.03668,0.039853,0.025145,0.024962,0.026753,-0.014924,0.011392,0.0039577,-0.025778
0.015438,0.030675,0.013259,0.029667,0.028549,0.0078603,-0.0022802,-0.011879,-0.0098382,-0.017534,-0.031594
0.0098567,0.012445,-0.0010116,0.021848,0.0097477,0.027228,0.035583,0.014649,-0.0020983,-0.019495,-0.017772
-0.025667,0.0046493,-0.0074107,-0.019924,-0.0031254,0.0088484,0.0095466,0.033725,0.015738,0.012123,-0.0042141
-0.010759,-0.011032,-0.0096484,0.0020835,-0.0014996,0.0093679,0.0017447,0.042878,0.034227,-0.0040689,-0.044621
-0.0068301,-0.015829,-0.0070832,5.3432e-05,0.0055879,-0.0076304,-0.00095743,0.013642,0.031492,0.010557,-0.026064
0.0069276,-0.0090262,-0.0081039,0.0076723,-0.00075209,-0.0097405,-0.0035351,-0.0027879,-0.00065859,0.040578,0.013202
0.015001,0.010645,0.0010109,-0.0097704,-0.017061,0.0083903,-0.018453,0.024631,0.0093398,-0.0017073,0.026496
