0.03204,0.027015,0.021729,-0.0054108,-0.016755,0.0036838,0.0054295,0.010796,-0.010958,0.0040899,-0.016089
-0.017598,-0.023291,-0.012478,0.0073472,-0.0094841,-0.0092217,-0.018451,0.0029668,-0.018928,4.7362e-05,-0.024287
-0.030271,-0.026064,-0.030147,-0.053936,-0.02687,-0.017518,-0.016022,-0.030611,0.0049644,-0.027093,-0.0024113
-0.014425,0.00048408,-0.0097871,-0.035101,0.0086712,0.0014551,-0.01159,0.0035205,-0.010846,-0.019176,-0.0077173
-0.0016185,0.027232,0.011814,-0.0059256,0.0032771,0.014268,-0.008987,0.020312,0.013395,-0.012878,-0.01597
-0.0025198,0.0063869,-0.011374,-0.018227,-0.0096345,-0.0039156,-0.01562,-0.013227,0.0038104,-0.018796,-0.019673
-0.002232,-0.0079805,0.0015413,-0.012956,-0.019742,-0.029816,-0.036191,-0.010164,0.0075718,-0.0098996,-0.012862
-0.016501,0.0029534,-0.0039523,-0.011305,0.016297,0.00073704,-0.0097713,0.010932,-0.0052977,-0.026738,-0.0021432
-0.0063493,-0.018534,-0.011949,-0.00085406,0.017715,-0.01959,-0.013725,-0.0032131,0.011704,-0.010758,0.025378
0.0072401,-0.0035948,0.0063679,-0.014216,-0.01831,-0.01665,-0.0024436,-0.0032292,0.0013238,0.016933,0.0048434
-0.0076099,0.0032782,-2.0979e-05,0.024988,-0.0068179,0.0048837,0.0048118,0.016852,0.022065,0.0048714,0.011931
