0.0013246,0.0071051,0.0084273,-0.0035931,0.0064922,-0.00030291,0.017592,-0.0066119,-0.03481,0.0040919,0.016721
-0.0069579,-0.00099239,-0.01409,0.00061516,-0.00048359,0.0031189,0.010665,0.026068,0.028662,0.019166,0.036566
-0.0055668,-0.011239,0.0019425,-0.00087053,0.007069,0.012563,0.048871,0.040102,0.03366,0.030944,0.013691
-0.0083818,0.0093256,0.002544,0.007642,0.022895,0.035389,0.02419,0.017472,0.0092809,-0.0048095,0.011944
0.0074864,0.047834,0.023842,0.018049,0.033293,0.0020465,0.0053938,0.012671,0.0244,-0.0003445,0.010919
0.0067113,0.0091126,-0.0042602,-0.0016545,0.014595,0.0049756,0.023162,0.01897,0.015108,0.020004,-0.0040048
-0.026501,-0.0027867,0.0038643,-0.0032893,-0.013363,0.015902,0.019335,-0.0018582,-0.022846,0.011921,0.0057268
-0.028091,0.0085003,0.0080309,-0.0042077,0.012095,-0.012925,-0.0042748,0.00014427,-0.0085304,0.021589,0.018
-0.00094663,0.01157,0.020126,-0.014665,-0.0087558,0.014891,0.010227,0.013663,0.015343,0.012013,0.013989
4.2384e-05,0.017735,0.0059735,0.0020405,0.013825,0.011055,0.0057965,0.015965,0.020959,0.015731,-0.014197
0.023891,0.014597,0.004822,-0.0092249,0.0094778,0.0052088,0.010249,0.0019386,0.00028944,0.023151,0.0090758
