0.033093,-0.0013003,-0.024554,-0.017387,-0.024101,-0.040279,0.0044727,-0.0090315,0.026465,0.0296,0.011575
0.0063426,-0.0077721,-0.013361,-0.021693,-0.017993,-0.021605,-0.02296,-0.02273,-0.027901,-0.0014657,0.0040447
-0.028195,-0.019642,-0.016966,-0.026905,-0.020988,-0.039948,-0.01649,-0.012692,-0.022624,-0.0075391,-0.0026892
-0.025423,-0.014141,-0.018344,-0.018807,-0.017868,-0.041999,-0.0065896,-0.010961,0.0087932,0.016682,0.0033794
-0.0090515,-0.0091129,0.0018568,0.011431,0.01798,0.015036,0.0019984,0.024958,0.022281,0.044074,0.020205
-0.00051582,0.001488,0.0051936,0.02199,0.013461,0.010158,0.014103,0.006592,0.0036084,-0.0047157,-0.015431
0.0039841,0.020863,-0.0017296,-0.013257,-0.0057991,-0.010223,0.022835,0.0096963,-0.018565,-0.018292,-0.048949
0.0036492,-0.019424,-0.0016776,-0.0047344,0.0061027,0.022052,0.0028341,-0.019407,-0.017866,-0.021676,-0.037723
0.0041136,-0.010135,-0.0044372,0.00347,-0.00034821,0.021417,0.025618,-0.026375,-0.014471,-0.017248,-0.013475
0.0037084,-0.0042665,-0.0027897,0.00211,0.016347,-0.0081302,-0.015361,-0.011901,-0.0040449,-0.03349,-0.0048726
0.023043,0.016984,-0.0049226,-0.018171,-0.016021,-0.0038215,-0.017049,-0.010753,-0.00043524,-0.021022,-0.033353
