-0.0096419,-0.012824,-0.015977,0.01462,-0.010915,-0.007874,-0.026922,-0.014915,-0.034572,-0.0003083,-0.0095307
-0.03855,-0.036672,-0.020655,-0.011228,-0.017872,-0.018393,-0.025416,-0.018264,-0.028154,0.022358,0.0077578
-0.019599,-0.046782,-0.014445,-0.030977,-0.019159,0.0050037,0.0014133,0.012189,0.0055412,0.0081383,0.0051628
-0.020624,-0.030148,-0.024851,-0.021329,-0.027064,-0.0060873,-0.0053436,0.0074687,0.020805,0.023412,0.0014485
0.021079,0.008632,0.017228,0.0055259,0.01106,0.022721,0.014341,0.015781,0.010047,0.0018675,0.0055914
0.017002,0.025646,0.067292,0.040784,0.032248,-0.0033629,-0.017325,-0.001782,0.0036446,0.0014022,-0.010163
0.023687,-0.014821,-0.0031192,0.0065485,0.0018774,-0.00039901,-0.014783,-0.04875,-0.021432,-0.025854,0.015056
0.0084777,-0.015791,-0.024388,-0.029921,-0.0051306,-0.023292,-0.0060959,-0.0006026,0.0082757,0.0031278,0.001742
-0.007563,-0.055626,-0.006046,-0.011729,-0.015179,-0.0041646,0.012204,0.00043494,0.018601,-0.0015713,-0.0019101
-0.01488,-0.0070096,0.020343,-0.0032344,-0.01095,-0.021898,0.02106,0.020365,-0.00045234,0.018226,0.018182
-0.00966,0.010549,-0.01146,0.0052474,-0.0018416,0.019134,0.024239,-0.015035,-0.0077229,-0.0040714,0.024725
