0.01505,0.0017504,0.018167,0.0061727,0.020334,0.014684,0.0090842,0.027809,0.031775,0.010996,0.017987
0.014505,-0.020291,0.017772,0.021432,0.038114,0.024689,0.02356,0.033909,0.011748,0.012191,0.023608
0.00034264,-0.0033454,-0.0027337,0.012876,0.0055241,0.026536,0.019629,0.0447,-0.0045074,-0.00034677,-0.01865
0.0047037,-0.0045948,0.0027084,0.0085293,0.018053,0.0029132,-0.0080489,-0.00037144,0.0045436,0.0060912,-0.01311
0.012895,-0.010429,0.0084106,-0.0046688,-0.017002,0.0050779,-0.023042,0.032064,0.018114,0.0034453,-0.018424
0.0082977,-0.0030747,0.00082414,-0.009787,-0.00016219,0.010278,0.0064624,0.018453,0.035524,0.0019606,-0.030163
0.021169,0.026896,0.010009,0.0064087,0.023091,0.028615,0.032526,0.024577,0.003553,-0.0076447,-0.026894
0.011162,-0.005624,0.013167,0.020829,0.018763,0.0021248,-0.0085868,0.0059676,0.0077414,0.010536,-0.0054576
-2.3524e-05,0.0069884,0.01581,0.011191,0.0031859,0.028593,0.025837,0.01766,0.021727,0.013409,-0.029554
0.001872,0.0042832,0.011085,0.0052924,0.010995,0.028096,0.02492,0.0079306,-0.00020195,0.0025022,-0.0063942
-0.012502,0.013117,0.01532,0.016764,0.023871,0.038101,0.0046196,0.0024982,0.0048027,-0.0025815,-0.027754
