0.025299,0.012079,0.00531,0.012167,0.017736,0.0095304,0.00065358,0.0064137,-0.016228,-0.018802,-0.027541
0.017372,-0.0023312,-0.019456,0.013358,0.01202,0.0034345,-0.012498,-0.00053253,-0.02343,-0.0056902,-0.016493
0.0044309,0.008768,0.010924,0.023712,0.0071954,-0.0093359,0.0077863,-0.0088833,-0.017329,-0.0087656,-0.035754
0.012053,0.018634,0.010275,0.034617,-0.0029221,0.0029757,-0.0013021,0.0012282,-0.014857,-0.01138,-0.018357
0.020941,0.014472,-0.0055049,0.01462,0.011384,0.0041581,0.0068362,-0.0012547,-0.0078123,-0.013548,0.0072173
-0.013807,-0.02263,-0.0014743,0.0040255,-0.0083872,-0.01837,0.016483,-0.0070448,-0.01434,-0.005297,0.026042
0.017333,0.027466,0.0086083,0.020259,0.0086105,0.0064969,0.024684,0.014122,-0.0019827,0.0099781,0.027705
0.0018803,-0.0086409,-0.0019329,0.020707,0.023299,0.018328,0.01836,0.0018357,0.0024988,0.0029728,0.012415
-0.0092281,0.027666,0.01176,0.034358,0.015901,0.013139,0.016897,-0.0028618,-8.0104e-05,0.011389,0.001907
0.00061132,0.028695,0.0087493,-0.020224,-0.014834,-0.022751,-0.013638,-0.0031174,-0.0023942,0.014526,0.0022122
-0.013429,-0.032698,-0.019929,-0.0064281,-0.013157,-0.02101,-0.019058,0.0045154,-0.019396,-0.0021673,0.00061965
