0.0055254,-0.035931,-0.027921,-0.0013684,-0.00063098,0.00065386,0.00078325,0.010127,-0.0082615,0.008937,0.0079033
0.012618,-0.028783,-0.028419,-0.029923,-0.043326,-0.0074509,0.0037244,-0.0017418,0.021531,0.021274,0.010488
0.00043143,-0.014718,-0.011896,-0.042813,-0.031692,-0.035984,-0.00053613,0.011976,-0.0053092,-0.0115,0.012834
0.010441,-0.032079,-0.0061374,-0.016496,-0.024075,-0.007999,-0.0080966,-0.0013463,0.01361,-0.0061981,0.011603
0.016456,-0.017207,-0.0060523,-0.017354,-0.026566,-0.037824,0.021114,-0.0060676,0.0021419,0.0068519,0.011121
-0.00031881,-0.0084516,0.0034366,-0.015032,-0.030743,-0.0057002,0.015995,0.0085563,-0.016152,0.039435,-0.0035652
0.026232,0.0029814,-0.0036121,0.018161,-0.0015937,0.0068284,0.012397,-0.013936,-0.0030183,0.015804,0.0087891
0.020961,0.01463,0.015975,-0.009015,0.0070694,0.0076882,0.011019,-0.0051592,0.030132,-0.0044997,0.0075372
0.013896,0.011359,0.014545,-0.013644,0.0015168,0.015896,0.019588,0.016268,0.014364,-0.0010648,0.009066
-0.009154,0.018741,0.016006,0.0053347,0.014791,0.021758,0.02564,0.020667,-0.0072019,0.0045317,0.01097
0.0026219,0.032729,0.012801,0.023758,0.011687,0.011749,0.014097,0.00021021,0.0035222,0.0089525,-0.0030333
