-0.050012,0.024662,0.017859,0.079592,0.02784,0.021012,-0.014325,-0.020555,-0.047718,-0.06094,0.0048553
-0.02979,0.039355,0.027285,0.038804,-0.023028,-0.01693,-0.015771,-0.020052,-0.0062488,0.0044596,0.077704
-0.049539,0.014479,0.0045055,0.0028313,-0.011269,0.00722,-0.038891,-0.0034772,0.012585,0.0029578,0.050197
-0.065613,0.025925,0.037339,0.059645,0.027663,0.010995,-0.03845,-0.013729,-0.040678,-0.039052,0.019539
-0.043444,0.03256,0.03217,0.082129,0.043087,0.0038504,-0.05287,-0.047111,-0.083141,-0.017784,0.076815
-0.030029,0.0085465,0.028339,0.043769,0.027162,-0.047496,-0.071492,-0.02262,0.0012092,0.055706,0.10116
-0.020861,-0.017804,-0.0013558,0.028729,0.019309,-0.011492,-0.071335,0.014052,0.010021,0.018598,0.047578
-0.048832,-0.030406,0.0051949,0.045873,0.010671,-0.050305,-0.076914,0.0095153,0.019971,0.022688,0.057068
-0.060453,-0.050309,0.01616,0.055389,0.0013609,-0.026007,-0.051928,-0.0034299,0.016221,0.025789,0.03795
-0.060698,-0.024174,0.057104,0.08798,0.0327,-0.049079,-0.068321,-0.0078651,-0.020662,0.029696,0.0060033
-0.037765,0.052648,0.045119,0.054454,-0.030215,-0.047605,-0.06178,-0.015415,0.018802,0.011281,0.020603
