0.027857,0.01154,0.013438,-0.022396,0.017186,0.079277,0.030312,-0.015079,-0.037997,-0.015857,0.0099585
-0.013854,0.00029281,-0.0047904,-0.039952,0.0074505,0.094389,0.043579,-0.0028275,-0.04707,-0.030092,0.020867
-0.005631,0.0080602,0.012968,-0.012848,-0.01776,0.070256,0.027205,-0.026733,-0.041263,-0.011404,0.018024
-0.020108,0.004614,0.040814,0.0032862,-0.027903,0.013209,0.04786,-0.029067,-0.037223,-0.0067013,-0.0021216
-0.0048297,0.014441,0.066269,0.02722,-0.040155,-0.013031,0.028102,0.03694,-0.030683,-0.02415,-0.0058307
0.026215,0.024355,0.048532,0.046585,-0.033204,-0.012234,0.026543,0.035953,-0.0011122,-0.020326,-0.035507
0.018958,0.035117,0.0025116,0.041363,-0.0078928,-0.033908,0.0061062,0.04172,0.073157,-0.0064229,-0.039177
-0.020258,0.0027546,0.013275,0.024906,-0.0016789,-0.036254,0.023571,0.046007,0.054721,-0.0082776,-0.045102
-0.019328,-0.005753,-0.0086985,0.041975,0.014899,-0.0088141,-0.003545,0.024973,0.037282,0.0016098,-0.045654
-0.0094996,-0.011721,-0.029214,0.013655,0.023301,-0.011574,-0.022573,0.00080831,0.013588,0.027372,0.001274
-0.0063929,-0.031873,-0.012352,0.026729,0.029295,-0.0094571,-0.0078784,0.010356,0.025648,0.030773,-0.0049058
