0.0050699,0.0099021,-0.0080402,0.0040204,0.027554,0.018859,0.0055512,-0.041657,-0.015163,0.0032665,-0.014172
0.006586,0.032511,0.016112,0.00062392,-0.006851,0.029113,0.022083,0.027298,-0.0092501,-0.0092776,-0.0063739
0.0076472,0.016092,0.031404,0.047525,-0.0070617,-0.031467,0.0078198,0.016,0.01168,0.01605,-0.0077161
-0.00057168,0.02239,0.035425,0.048055,0.028463,-0.025095,-0.026114,0.0013885,0.021051,0.020465,0.01109
0.0078422,0.029271,0.031637,0.019669,0.047996,0.039515,-0.012277,0.004975,0.0099225,0.031141,-0.015423
0.011919,0.0030307,0.014645,0.013891,0.013732,-0.010186,0.0057875,-0.033703,-0.021899,-0.025537,-0.0090392
0.00018204,-0.0099668,0.00071782,-0.021036,-0.034777,-0.031902,-0.021949,-0.026702,-0.030691,-0.017502,-0.030193
0.0093227,0.0049903,0.016965,-0.010871,-0.033253,-0.024828,0.00064515,0.011048,0.026194,-0.0055226,-0.0023627
0.02895,0.045762,0.041071,0.031782,0.017038,0.011532,-0.0012219,0.024021,0.028648,-0.0014877,0.014636
0.046409,0.019963,0.026886,0.034636,0.0057977,0.011799,0.037858,0.015791,0.00073135,-0.0039446,0.017872
0.006866,-0.023156,0.0020488,-0.0020485,-0.017364,-0.021297,-0.033093,-0.044427,-0.033215,-0.039558,-0.00010058
