-0.012839,-0.024533,-0.039864,-0.00070282,0.019612,0.042117,-0.0044153,-0.096493,0.046865,0.1115,-0.0084045
0.013585,-0.029651,-0.022552,0.00078819,0.009446,0.033197,0.0024596,-0.097836,-0.011243,0.084662,-0.0072703
0.034921,-0.014135,-0.012522,0.02499,-0.017812,0.037021,0.031945,-0.064049,-0.11054,0.069134,0.054878
0.014963,-0.023962,-0.014032,-0.0019019,-0.019795,0.0020048,0.078603,-0.0040125,-0.17657,0.036616,0.063958
0.035588,0.0038209,-0.021381,-0.025476,0.0084437,0.023976,0.081583,0.018318,-0.17108,-0.022213,0.073001
-0.025181,0.027704,-0.012929,0.013553,0.015977,0.00095968,0.067643,0.060675,-0.076337,-0.090168,0.079538
-0.0099032,0.015755,0.017891,-0.0097582,0.026259,0.00035608,0.035994,0.089207,-0.024668,-0.12473,0.053075
0.011567,0.054073,0.0061755,-0.0030784,0.010348,0.0094211,0.01577,0.069962,0.037828,-0.11642,-0.012394
-0.034396,0.00019559,0.013671,-0.052482,0.0034347,-0.001399,-0.0051692,0.057081,0.066448,-0.076137,-0.069701
0.0018206,0.0019929,-0.014515,-0.01443,0.018513,0.03818,-0.025561,0.022858,0.042097,-0.02361,-0.096624
-0.029305,0.016814,0.018397,-0.044607,0.036802,0.01364,0.011061,0.037988,0.058645,-0.00055488,-0.076592
