-0.0030807,0.010005,-0.010549,-0.011976,-0.0033708,0.0099858,0.019435,0.01966,0.0084335,-0.0083661,-0.0068481
0.0024917,-0.020474,-0.02651,-0.031224,-0.041213,-0.042044,-0.023745,-0.0054918,0.017153,0.02307,-0.011007
0.01348,0.014486,0.013569,0.0038172,-0.019929,-0.018656,-0.0017771,0.024466,0.0043758,0.018979,0.015467
0.018823,0.028809,0.026853,0.043436,0.016066,0.020605,-0.0008666,-0.0080552,-0.0022467,0.0068913,-0.016826
-0.0034119,0.023765,0.045157,0.071614,0.069818,0.027258,0.011173,0.0090945,-0.0058203,0.00074186,0.0041428
-0.020626,-0.019749,-0.01056,0.019468,0.020193,0.0035723,0.011373,0.00032944,0.0097686,0.014168,0.017155
-0.015782,-0.043207,-0.040616,-0.06019,-0.066331,-0.055724,-0.037614,0.0025985,0.0058184,-0.0049177,0.010959
-0.011547,-0.055127,-0.031641,-0.028194,-0.03769,-0.065981,-0.046234,-0.022344,-0.0014922,0.0080804,-0.011872
-0.035736,-0.02997,-0.024447,-0.007899,-0.01029,-0.010498,0.00075008,-0.0054147,-0.019173,-0.0054314,-0.022016
-0.027791,-0.035,0.015028,0.0041752,0.018446,0.0071735,-0.0070701,-0.0059475,-0.02686,-0.010381,-0.0056102
-0.033907,-0.023296,-0.012132,-0.026401,0.0018208,0.0055478,-0.0038232,0.010109,-0.00018396,-0.010624,-0.047639
