0.015711,-0.0058094,-0.010387,-0.01514,-0.0054134,0.0074033,0.018889,-0.00060458,0.02213,0.016591,0.0033897
0.030947,-0.018334,0.0090576,-0.030851,-0.022162,-0.028174,0.0039382,0.0031099,0.0039733,-0.0036341,-0.0030412
-0.00057902,-0.033404,-0.018507,-0.029092,-0.038309,-0.01367,-0.024586,0.0039032,0.012269,-0.0016258,0.003705
0.0218,-0.020131,-0.011774,-0.030647,-0.039359,-0.023363,0.012242,0.012719,0.031642,-0.00036867,0.022894
0.027586,0.0017228,-0.00094139,-0.040457,-0.042979,-0.030047,0.0077717,0.019176,-0.0091247,-0.010453,0.01317
0.014779,-0.011619,-0.0037336,-0.046031,-0.049598,-0.042673,-0.021846,0.0041383,-0.023015,0.045546,-0.0010197
0.0037621,-0.00851,-0.013493,-0.02768,-0.037783,-0.016346,-0.019075,-0.038266,-0.024612,0.024952,0.029592
0.020043,0.0013998,-0.0051113,-0.043398,-0.029568,-0.027922,-0.022623,-0.04075,-0.0075066,-0.0052229,0.022612
-0.00029267,-0.0057658,-0.0029768,-0.038155,-0.018573,-0.014622,0.0070987,-0.0077465,-0.0078948,-0.012502,0.014678
-0.016781,5.3407e-05,-0.0050991,-0.02504,-0.021091,-0.025603,-0.017353,-0.0058514,-0.018012,-0.0037791,0.0069997
0.0042918,0.023015,0.017358,0.0093716,-0.027975,-0.016178,-0.02436,-0.033814,-0.0080228,0.0014946,-0.010953
