0.018172,0.01732,-0.028464,-0.047916,0.013362,0.063536,-0.008924,-0.049549,-0.074995,-0.03386,-0.022522
0.00019444,0.0039309,-0.01242,-0.054961,-0.011883,0.080665,0.0083505,-0.051394,-0.058074,-0.034011,-0.02745
-0.022538,0.015257,0.0097426,-0.052477,-0.041208,0.04991,0.029802,-0.036513,-0.03394,-0.064198,-0.044105
-0.0054447,0.031461,0.038601,-0.024367,-0.043427,-0.015645,0.014877,-0.024773,-0.046679,-0.056391,-0.050028
0.010052,0.0041423,0.052787,0.013183,-0.02624,-0.039849,0.011949,0.035445,-0.030553,-0.066654,-0.039444
0.019093,0.01576,0.023617,0.013669,-0.036825,-0.067364,-0.0037319,0.033586,0.034718,-0.020175,-0.05505
-0.00070386,0.0058102,0.010154,0.030721,-0.025632,-0.03897,-0.0025953,0.018235,0.035357,-0.02454,-0.050874
-0.0067847,-0.0067104,-0.0010198,0.01673,-0.022308,-0.04347,-0.023693,0.012638,0.043578,-0.014512,-0.069315
-0.0015491,-0.0040464,0.00717,0.0043508,-0.00038161,-0.05122,-0.0082528,0.0050892,0.034959,-0.0068054,-0.049089
-0.013491,0.00020316,-0.013628,-0.0059867,0.012072,-0.024607,-0.048992,-0.004623,0.0028273,0.015766,-0.038668
0.0026428,0.0059187,0.016177,-0.016649,0.011883,-0.010726,-0.018542,-0.020614,0.0066079,0.0014452,-0.026148
