-0.018263,0.0012935,0.02079,0.018041,-0.0063761,-0.0089757,0.01432,0.027851,0.033112,0.0435,0.034728
-0.0096141,0.010801,-0.0038945,0.0013504,0.016005,0.028135,0.0033808,-0.0089868,0.0001986,0.0023085,0.020643
0.0064266,0.021293,-0.011491,-0.013258,-0.011487,0.0014849,-0.0077864,-0.024244,-0.0081684,-0.0044242,-0.012318
-0.0027089,-0.021563,-3.0816e-06,-0.01503,-0.02416,0.017486,-0.018531,-0.0026857,-0.026136,0.025147,-0.0097723
-0.016714,-0.0094718,0.0036679,-0.0086665,0.0071721,-0.014173,-0.00557,0.0051481,-0.014565,-0.0028211,0.0097387
-0.0076033,-0.007052,-0.0074683,-0.017593,-0.018867,-0.017783,-0.030761,-0.0015347,-0.011565,-0.027312,0.00074618
-0.014564,-0.0052269,0.0021381,-0.025841,0.0022197,-0.0030931,0.0047677,-0.0019431,-0.019061,0.012929,0.0015683
0.0016331,0.02492,0.010057,-0.010126,-0.015333,-0.011963,-0.030561,-0.0064233,0.0061816,0.0066608,0.0064796
0.0095198,0.023915,0.00081592,0.0027858,0.010749,0.011662,-0.017729,0.0014392,-0.004661,-0.020469,0.0016819
0.021757,0.036894,0.020951,0.012006,0.026623,-0.012102,-0.014739,-0.0024787,0.010223,-0.0066148,0.0067871
0.035742,0.054078,0.029898,0.0047516,0.022652,0.016395,0.010719,0.010409,0.00033275,0.017851,-0.019639
