-0.0073996,0.0054201,0.0017851,0.0065063,0.03438,0.0019732,-0.0092347,-0.015566,-0.029366,-0.010938,-0.0098391
0.018945,0.030436,0.013791,0.0086034,0.022866,0.012768,0.010387,0.016899,0.015985,-0.0044206,-0.014752
0.019896,0.005036,0.011004,0.016855,0.018723,0.029471,0.020911,-0.0006374,-0.0029376,-0.0032359,-0.0048829
0.021466,0.0039794,0.0023599,-0.0085916,0.0079702,0.015817,0.012184,0.017172,0.015141,0.014491,0.0049316
-0.007424,0.011738,0.0033461,-0.0099635,-0.0037696,0.0043677,0.012738,-0.0011244,0.013959,0.015442,0.021507
-0.0010519,-0.008766,0.0075018,0.0062025,-0.0014157,0.0036791,0.028899,0.013615,0.03032,-0.00028123,-0.0086065
-0.017887,-0.032369,-0.027105,-0.018393,0.0039295,-0.0024077,0.00054635,0.023261,0.047912,0.035373,0.011157
-0.018674,-0.017509,-0.011336,-0.029298,-0.025948,-0.022171,-9.4194e-05,0.019078,0.033842,0.047193,0.015134
-0.030578,-0.026343,-0.037094,-0.038548,-0.02343,-0.018444,-0.028098,0.0093658,0.019986,0.017165,0.026477
-0.0069921,-0.0015579,-0.035015,-0.032376,-0.01717,-0.024663,-0.032375,0.0042684,0.015206,0.0084591,-0.0033518
-0.02233,-0.0083765,-0.017539,-0.02391,-0.035665,-0.044264,-0.041424,-0.042746,-0.034463,-0.0013223,0.0022863
