-0.048412,-0.0082843,-0.0025783,0.0081407,-0.001785,-0.0056458,-0.0013626,-0.016124,0.015864,0.024067,0.011328
-0.015899,-0.0075275,-0.014213,0.0087156,0.0091033,-0.026986,0.010663,-0.011455,-0.0053816,0.024681,0.02988
-0.028125,-0.012446,-0.0059612,0.01227,0.0029819,-0.0018541,-0.0015744,-0.0066738,-0.0074009,0.016726,0.01174
-0.0137,-0.012269,-0.022929,-0.0055481,-0.0018264,-0.012242,-0.0036056,-0.0064156,-0.010762,0.014611,0.013492
-0.012274,-0.001607,-0.025763,-0.010452,-0.019967,-0.0045168,-0.024007,0.00053944,-0.02229,-0.0092292,0.0001019
-0.026797,-0.018791,-0.014538,-0.015179,-0.01113,-0.024526,-0.021531,-0.013388,-0.017573,0.0018323,0.0053456
0.0011836,-0.042581,-0.018731,-0.024348,-0.0076247,-0.0098999,-0.0042691,0.010845,-0.0004646,0.022522,-0.0019311
-0.012711,-0.016656,-0.034406,-0.017005,-0.0020722,-0.0090044,-0.006566,-0.010195,-0.016754,-0.015446,-0.001496
-0.00094464,0.003555,-0.004262,-0.004645,0.0014329,-0.010398,-0.0045138,-0.0094817,-0.013878,0.0085498,0.0029711
-0.013381,0.0051173,-0.010798,-0.018774,-0.019712,-0.017873,-0.010001,4.9822e-05,0.033521,0.026817,0.021719
-0.0084189,-0.013249,-0.032818,-0.023991,-0.0049772,-0.028507,-0.020963,0.0080972,0.028934,0.043338,0.023436
