-0.0046869,0.0032808,-0.00019706,-0.0084745,-0.0041459,-0.0316,-0.029705,-0.024397,-0.013754,0.0073539,-0.010897
0.016021,0.010642,0.0082787,0.032756,0.0081173,-0.01009,-0.021138,-0.029508,-0.02576,-0.0061693,-0.0098616
0.025933,0.0030533,0.0034598,0.021379,0.018163,0.022007,0.0097503,0.012904,-0.018602,-0.011915,-0.018503
0.022214,-0.00019501,0.00036978,0.011643,0.021087,0.019797,0.025929,0.021461,0.018404,-0.0098044,-0.0038588
-0.0082585,-0.019173,-0.026519,-0.032244,-0.0045544,-0.00080798,0.013413,0.019522,0.016346,0.010595,0.012889
-0.0092909,-0.03234,-0.049749,-0.07893,-0.060067,-0.057868,-0.027355,-0.012129,-0.0038691,0.0032547,-0.0033647
-0.0063152,0.0028648,-0.038551,-0.035512,-0.054883,-0.075703,-0.054656,-0.050182,-0.029423,-0.020098,-0.016922
0.025184,0.015457,0.03207,0.018502,-0.0015395,0.0017461,-0.017258,-0.01973,-0.04002,-0.041093,-0.033001
0.017163,0.030182,0.03417,0.055619,0.042736,0.048933,0.036008,0.018806,-0.0090979,-0.014006,-0.0059188
0.023205,0.0364,0.021328,0.016975,0.010403,0.027435,0.031264,0.027372,0.0067258,0.0082762,0.0021226
0.0020221,-0.0057719,-0.0077465,-0.023289,-0.030106,-0.019707,-0.0098604,-0.010555,0.0005629,-0.00041392,0.021503
