-0.045388,-0.0066263,-0.018322,-0.0069199,0.028871,0.041551,-0.044318,0.019699,-0.0089321,0.0059982,-0.0066488
-0.017663,0.014652,-0.0028645,0.01599,0.050875,0.031149,-0.045629,0.0075348,-0.021884,0.022037,-0.016059
-0.030274,-0.022371,-4.2899e-06,0.027053,0.067803,0.028504,-0.021604,-0.044729,-0.041169,0.0078204,0.012469
-0.033114,-0.031753,-0.0052005,0.020569,0.047107,0.055808,0.010752,-0.063811,-0.038099,0.039496,-0.011884
-0.030846,-0.032215,-0.013752,0.019779,0.039355,0.07597,0.016725,-0.052855,-0.044642,0.022826,0.038252
0.005075,-0.060153,-0.01735,0.031149,0.052113,0.046775,0.0045168,-0.05329,-0.065229,0.01554,0.037875
0.0088697,-0.052093,-0.033098,0.022772,0.0066731,0.046559,0.0037544,-0.055107,-0.070207,0.0052673,0.052458
0.057517,-0.036753,-0.022186,-0.00021626,-0.0093874,0.047697,0.048676,-0.062305,-0.061983,-0.0092967,0.071908
0.066509,-0.043859,-0.019859,-0.00021762,0.0057993,0.035529,0.051627,-0.062807,-0.059341,-0.026025,0.064287
0.041012,0.0029347,-0.027653,0.010424,0.0040345,0.023723,0.055849,-0.039012,-0.058969,-0.039648,0.055485
0.034121,0.019371,-0.031401,0.0097532,0.0326,0.035619,0.053422,0.0050774,-0.071876,-0.02738,0.044618
