-0.0089342,-0.033398,-0.054119,-0.040075,-0.0081115,-0.029879,-0.0094308,-0.030758,-0.030631,-0.0095559,-0.034154
0.023306,0.0096733,-0.012789,-0.038202,-0.022841,0.0090554,-0.0080646,-0.023022,-0.0098212,-0.017084,-0.017636
0.037021,0.045375,0.093663,0.088919,0.042587,0.035569,0.01802,0.038381,0.015744,-0.0015611,-0.019303
0.017586,0.012728,0.063662,0.069928,0.072642,0.019421,0.02962,0.0148,0.00029864,0.02655,0.045407
0.0073479,0.0072046,0.0088871,-0.0049385,-0.027045,-0.0096507,0.0021714,-0.013952,-0.022378,-0.0097893,0.012374
0.005323,-0.016293,-0.05785,-0.076771,-0.11123,-0.054584,-0.036328,-0.016849,-0.0080267,0.012222,-0.008539
-0.013371,-0.023339,-0.060581,-0.052756,-0.029161,-0.024386,-0.010955,-0.000664,-0.00027182,-0.011133,-0.01909
-0.0011033,-0.0055787,-0.021987,0.011186,0.040414,0.035708,0.027531,0.020138,0.032876,0.02455,0.027634
-0.0015401,-0.0058394,-0.0044081,0.023539,0.034747,0.047499,0.022087,0.012022,0.0062448,-0.0029196,0.0095344
-0.022983,0.0035155,0.002971,-0.0076674,0.049031,0.033472,-0.012238,-0.0070957,-0.012132,-0.013346,0.00042141
-0.0076024,0.014631,-0.008716,0.028177,-0.0090468,-0.060205,-0.055168,-0.016078,0.014632,0.00038742,-0.016707
