0.021975,-0.0014028,-0.0073494,-0.044118,-0.0076142,-0.067257,-0.081752,-0.07601,-0.076766,-0.033021,-0.0097268
0.013068,0.011674,-0.026075,-0.030036,-0.0028885,-0.051619,-0.042081,-0.019111,-0.044294,-0.010549,0.0098194
-0.015265,-0.0085579,-0.010843,-0.026215,-0.025974,-0.040822,-0.021353,0.0021574,-0.034265,-0.036808,0.00022274
-0.014117,0.0058881,0.016865,-0.013676,-0.011184,-0.040009,-0.014855,-0.0055234,-0.055568,-0.029113,0.0043564
0.0092912,-0.0080858,0.019975,0.003214,-0.011614,-0.027625,-0.031829,-0.034145,-0.038988,-0.026772,-0.0061064
-0.00068187,0.011834,-0.013532,0.02277,0.0047612,-0.020529,-0.016246,-0.01776,-0.041272,-0.019572,-0.017702
-0.0024887,0.019957,0.025409,-0.009029,6.2173e-05,-0.011552,-0.018938,-0.024404,-0.0097927,-0.0072777,0.0205
-0.0036006,-0.012814,0.0090354,-0.0051937,-0.01434,-0.0035149,-0.0075951,-0.0095304,-0.01995,-0.0091486,0.016268
0.032823,0.0040745,0.017314,0.0036063,0.012245,0.026963,0.011776,-0.0085993,0.0033984,-0.00097803,0.0041141
0.011898,0.034454,0.0049755,-0.00065271,0.015917,0.038955,0.011982,-0.010151,0.013197,-0.011018,0.018068
0.0079253,0.03805,0.016213,0.0015022,0.026906,0.022964,0.061672,0.012088,0.02082,-0.0045836,0.011394
