-0.00059462,-0.0053128,0.015596,-0.017564,-0.015318,-0.0062282,0.0063966,-0.03898,-0.026964,-0.016788,-0.011456
-0.0020371,-0.0032003,0.0036291,-0.01548,-0.017875,-0.0060147,-0.00026604,-0.027147,-0.026781,-0.018269,-0.010962
-0.013214,-0.017529,-0.018121,-0.012257,0.011079,0.0025015,-1.2252e-05,-0.040293,-0.010438,-0.018581,-0.015778
-0.00605,-0.018431,0.020009,0.00094419,0.015125,0.016447,-0.0054095,-0.009644,-0.035879,-0.015318,-0.0087293
-0.0012075,0.011015,0.023934,-0.00010648,0.026989,0.027614,0.021203,-0.0036163,0.0036223,-0.014981,-0.0026622
-0.0044549,0.005312,0.009227,0.01269,0.028058,0.00669,0.027296,0.027401,0.032317,0.0048513,-0.00061531
-0.023951,0.013338,-0.0023702,-0.015583,0.028281,0.031639,0.0088811,0.023533,0.029142,0.015574,0.010249
-0.008259,0.019947,0.016367,0.033872,0.027563,0.026262,0.016065,0.015526,0.021171,0.047413,0.049291
-0.00089202,-0.0055277,-0.0056915,-0.0036158,0.03253,0.036461,0.01691,0.018474,0.038228,0.035854,0.049667
-0.022815,-0.020781,-0.0065597,-0.023819,-0.022158,-0.01117,-0.0075323,0.0083567,0.027977,0.036294,0.034811
-0.030718,-0.026159,-0.015847,-0.014338,-0.022806,-0.052955,-0.03503,-0.014775,-0.0038126,-0.0086331,0.025233
