0.057217,0.03622,-0.0027451,0.0174,0.0071491,-0.0067922,0.00084351,-0.011428,-0.00013524,0.016471,0.039771
0.032321,0.035198,-0.0029511,0.050628,0.024202,0.015357,0.021681,0.030614,-0.019201,0.0088426,0.022472
0.025796,0.032023,-0.015806,-0.0096198,0.00071456,-0.036157,0.028822,0.00065377,0.001505,-0.017849,0.019605
-0.0092399,0.022856,-0.020522,-0.0083746,-0.0085502,-0.018331,0.014587,0.011411,-0.014332,0.00074832,0.013136
0.017104,0.010439,-0.035377,-0.0252,-0.015286,-0.05389,5.8851e-05,-0.014983,-0.01498,-0.0023812,0.010757
-0.0093303,0.014307,-0.011932,0.010767,-0.010049,-0.015129,0.0050676,-0.011757,-0.026666,0.0038693,0.00011178
0.0072978,0.004373,-0.0001811,-0.020425,-0.00017967,0.0024165,-0.0048496,0.003242,-0.018204,-0.028023,0.0022108
-0.0067658,-0.0053374,-0.017521,-0.0019778,0.0044802,0.0019419,0.0062272,-0.0088206,-0.020103,0.0029813,0.022725
0.011546,0.031699,-0.02243,0.00084104,-0.012438,0.0014305,-0.019947,0.014879,0.026443,-0.0067546,0.030016
0.0015147,0.011164,-0.013578,-0.012736,-0.029132,0.012425,0.019112,0.049487,0.030527,0.005594,0.029089
0.023509,0.012908,0.026317,0.019913,0.021766,0.0090979,0.0060642,0.037513,0.024337,0.022211,0.046387
