-0.0014243,-0.0021068,0.0034286,0.012439,0.0040732,0.0098912,0.0043923,0.0044372,0.0036265,-0.0018433,-0.0073853
-0.015431,-0.027737,-0.0083946,0.0029863,0.0024566,-0.0036316,0.017362,0.0035052,-0.0050686,0.021402,0.014494
-0.0067247,-0.039163,-0.013676,0.010538,-0.0033479,-0.018008,-0.0022147,0.0042261,0.013829,0.022171,0.010515
0.018717,-0.04057,-0.019511,-0.0018951,0.0084685,-0.013399,-0.0090103,0.012561,0.0089886,0.016892,-0.0049729
0.020379,-0.013116,-0.048645,-0.0021555,0.011125,-0.013974,-0.017017,-0.006436,0.0010933,0.025164,0.026473
0.025638,0.0034006,-0.032681,-0.0068696,0.0061561,0.011155,-0.010188,-0.0025697,0.020627,0.020558,-0.015658
0.016434,0.01127,-0.036134,-0.014375,0.028927,-0.0064324,-0.0012442,0.0051892,-0.00032033,-0.014344,-0.0061277
0.0098815,0.023367,-0.026238,-0.011502,0.035408,-0.0041028,0.0061229,0.015546,0.0064303,-0.0033433,-0.028754
0.020265,0.020145,-0.003804,-0.035671,0.015353,0.023245,-0.0025853,0.022917,-0.0074367,0.0019704,-0.016791
0.0054008,0.021942,0.0016597,-0.013882,0.0016423,0.0317,0.0040026,0.0039055,-0.0084012,0.0050039,0.017991
-0.017471,0.01288,-0.0013037,-0.02178,-0.010528,0.021903,0.018546,0.00085856,0.025815,-0.017006,-0.0087237
