-0.017087,-0.018536,0.049301,0.02479,0.029634,0.042236,-0.003021,-0.018837,-0.0041384,-0.00046132,0.0077673
-0.0076418,-0.031255,0.014404,0.029741,0.0015648,0.041855,0.01203,-0.024278,-0.013794,0.0099374,-0.0067936
-0.0065554,-0.039154,-0.015785,0.033683,0.016893,0.0050847,0.012629,-0.02296,-0.024632,0.0081745,0.0015308
0.016464,-0.02264,-0.028303,0.03927,0.016111,-0.0019125,-0.012012,-0.0094415,-0.027745,-0.002177,0.0058878
0.022061,-0.0065481,-0.055738,-0.0019766,0.017876,-0.0065165,-0.006721,-0.016472,-0.046334,-0.0077414,0.024794
0.014945,0.015827,-0.034008,-0.018832,0.019524,0.025099,0.023801,0.0054451,-0.016041,-0.018155,0.030182
0.021606,0.033166,-0.0016826,-0.029857,0.0060262,0.016161,0.029152,0.024694,-0.0035324,-0.016665,0.0033372
0.030705,0.013329,0.0077436,-0.015676,-0.0049367,0.0096687,0.01993,0.021031,-0.015866,-0.014744,-0.011491
-0.002686,0.0052502,0.0075204,0.0016383,-0.019626,-0.002505,0.029406,0.042841,0.011903,-0.010854,-0.01191
-0.0042995,-0.009017,0.015011,-0.019846,-0.02119,-0.0034389,0.013152,0.028282,0.015334,-0.0018492,-0.014696
-0.0045857,0.0055588,0.0072374,0.015338,-0.014235,-0.02279,0.0057368,0.0040018,0.03117,-0.0039591,-0.023381
