0.042859,0.0049488,0.01054,-0.010199,-0.025261,-0.020743,-0.022084,-0.015836,0.006978,0.032186,0.015663
-0.010861,-0.02504,-0.0067474,-0.0081724,-0.043456,-0.027978,-0.027085,-0.016132,0.0072502,0.0076452,0.035308
-0.024075,-0.03238,-0.012993,0.0078862,0.0085228,0.0022339,-0.010199,0.0092918,0.0036163,0.0097051,0.027636
-0.0062051,-0.047738,-0.013006,-0.021439,0.016041,0.029341,0.030561,0.028944,0.0069868,0.011738,0.021715
0.021317,0.020986,0.027678,0.024605,0.045258,0.069172,0.069464,0.06688,0.045341,0.026338,0.019163
0.040791,0.016298,0.06405,0.040864,0.025704,0.016434,0.02269,0.012333,0.0204,-0.0089434,-0.0016329
0.047897,0.013752,0.028148,0.025219,0.011219,-0.0070175,-0.030718,-0.023858,-0.018518,0.00031017,-0.005902
0.023868,0.0057238,-0.0305,-0.031943,-0.023521,-0.033604,-0.02025,-0.013997,-0.015185,-0.00069157,-0.0077243
0.012419,-0.057329,-0.030274,-0.025034,-0.016918,-0.035411,-0.022763,0.01353,0.0089892,0.013914,0.011125
-0.029034,-0.033832,-0.0062406,-0.0097426,-0.0080314,-0.026227,0.033011,0.019344,0.012417,-0.0061599,0.0087467
-0.021344,-0.0043707,0.017108,-0.0087726,-0.008397,0.016938,0.014388,0.012632,0.0083513,-0.0010126,0.0061489
