-0.0045112,0.0034281,0.0028309,0.016525,-0.0013473,-0.038141,-0.030114,-0.026907,-0.046379,-0.010852,0.024587
-0.00081905,0.0033324,0.0087115,0.010122,0.0095934,-0.021134,-0.0047921,-0.014889,0.0046059,0.016772,0.020261
0.0058604,0.013631,0.0027339,-0.0019671,-0.010749,-0.0071896,-0.0037854,0.025455,-0.019993,-0.0027083,0.037569
-0.0063551,-0.0024034,0.00019302,-0.0089168,-0.0058691,-0.016943,0.02268,-0.0006689,0.0010284,-0.0018392,0.025055
0.0076,-0.0050492,0.030783,0.022063,0.0071643,0.0074362,-0.0016155,0.016531,0.0085432,-0.001405,0.013603
-0.0037335,0.0089747,0.024273,0.012554,0.015791,0.0075051,-0.0077215,-0.0015167,-0.011573,-0.024001,0.0024177
-0.0071189,0.012222,0.0217,0.013566,0.010753,0.011178,-0.023714,-0.008604,0.006085,-0.0078594,0.015047
0.0029805,-0.0037218,0.0069402,-0.01996,0.01565,0.010279,0.0063026,-0.0014271,0.01094,0.012206,0.017556
0.011209,0.016094,0.0092477,0.026141,-0.00032938,0.024817,-8.2728e-05,-0.0066662,-0.011362,0.0084781,0.018679
0.0070494,0.012929,0.0063449,-0.0057465,0.0075795,0.036735,0.010352,0.0071519,0.01035,0.012229,-0.00040039
0.010582,0.0010457,0.013786,0.0034829,0.017069,0.032432,0.031053,0.025241,0.015889,-0.004636,0.00075272
