-0.0064472,-0.005785,0.0062111,-0.021998,-0.010673,-0.00091103,-0.0028607,-0.027316,-0.010535,-0.017999,-0.0084987
0.022446,0.028885,0.0096965,0.0094967,0.024568,0.026501,0.033285,0.0058402,0.037881,0.0090686,-0.018767
0.016338,3.9122e-05,0.026102,0.0025152,0.017684,0.029961,0.0034026,0.020986,0.00077958,-0.031604,-0.033325
-0.0079237,0.010167,0.0018201,0.011357,0.0069579,-0.023884,0.0023263,-0.015545,-0.019809,-0.0066174,-0.013649
0.028485,-0.0095656,0.0099866,-0.0043766,-0.018331,-0.060956,-0.077071,-0.057926,-0.042297,-0.0056037,-0.003105
0.012842,0.0063046,0.0047082,-0.034887,-0.062479,-0.095823,-0.062356,0.0026527,0.019743,0.025683,0.031454
0.013278,-0.0078447,0.0015496,-0.029013,-0.062978,-0.01769,0.10036,0.11346,0.047594,0.025952,-0.0099533
0.013754,0.0052115,0.020838,-0.01526,0.044604,0.097181,0.11703,0.068094,0.024782,0.0080171,-0.0039333
0.0039032,0.0080614,0.035892,0.042626,0.051567,0.070198,0.034124,-0.017279,-0.048193,-0.048143,-0.050695
0.014962,0.015087,0.016563,0.0058872,0.012088,-0.0064914,-0.064333,-0.074032,-0.057331,-0.031696,-0.0096886
0.008371,0.020004,0.029299,0.016302,-0.020247,-0.030216,-0.020999,-0.0011147,-0.0086201,0.0061429,0.055608
