0.00038752,0.013069,0.0012793,0.019705,0.020505,0.023976,-0.037774,-0.007492,-0.033894,-0.034138,-0.033053
-0.029753,0.017225,0.021358,0.017362,0.047606,0.04723,0.010125,-0.027972,-0.0073039,-0.011556,0.00080377
-0.027022,-0.015845,0.0091221,0.012175,0.029315,0.05277,0.04162,0.043878,0.0063452,0.019166,-0.014477
-0.030927,-0.042837,-0.030912,-0.0033597,-0.0049361,0.01256,0.036283,0.037475,0.02821,0.025801,0.0041611
-0.0056341,-0.058282,-0.073249,-0.029652,0.0023968,-0.024307,0.047363,0.043951,0.019421,0.010452,0.01388
0.022842,-0.042294,-0.073528,-0.050439,-0.021753,-0.056405,-0.023555,0.031108,0.061836,0.01501,-0.0010819
0.023303,0.03383,-0.0099363,-0.025416,-0.041618,-0.082973,-0.058617,-0.05275,-0.006637,0.032957,0.015205
0.040114,0.058513,0.030279,0.024854,0.0045753,-0.054636,-0.084154,-0.068352,-0.034122,-0.01713,-0.016092
0.015402,0.02894,0.065268,0.053554,0.034692,0.023056,-0.017604,-0.055877,-0.032926,-0.022539,-0.018865
0.003169,0.0042165,0.011174,0.045411,0.051874,0.020392,0.027731,0.0075157,-0.0031421,-0.020568,0.016325
-0.019978,-0.017581,0.00026866,0.0092782,0.023166,0.06701,0.036678,0.018412,0.0023382,-0.0019572,-0.031328
