0.0058736,0.0070282,0.038254,0.0083363,-0.046346,0.0056848,0.0066313,0.0057708,0.0080354,0.0080252,0.024628
0.018282,0.009666,0.025543,0.019421,-0.018418,0.013287,0.022312,0.014158,0.021059,0.021221,0.040765
0.031195,0.013542,0.018771,0.027561,-0.029354,-0.04083,0.010312,0.0019499,0.020198,0.0061842,0.021506
0.030313,-0.012036,0.029896,0.028343,-0.020866,-0.05386,0.029014,0.029547,0.018367,-0.0035788,0.035437
0.023092,0.0071236,0.015461,0.060887,-0.0010138,-0.069441,0.01336,0.0098913,-0.014198,0.022266,0.025254
0.010588,0.0072733,-0.0087754,0.028852,0.02733,-0.051481,-0.01825,0.019058,0.0080809,-0.018387,-0.0058496
0.008645,0.01101,-0.0016334,0.028631,0.057959,-0.036947,-0.039459,0.0081154,0.031588,-0.019144,0.020734
0.028396,0.0022751,-0.013091,0.0043583,0.034813,-0.018643,-0.039838,0.0072485,0.026965,-0.0069841,0.03154
0.031038,0.0096641,-0.016926,0.010104,0.046097,-0.00013268,-0.043441,0.0062899,0.05078,0.047952,0.049427
0.037807,0.024176,-0.0022906,-0.037233,0.024333,0.023002,-0.02415,-0.0097551,0.079225,0.056152,0.03733
0.041283,0.015897,-0.0087638,0.0095594,0.013058,0.021671,-0.0087448,-0.0053973,0.052979,0.063173,0.021136
