-0.06408,-0.040889,-0.031685,-0.025619,-0.034555,0.0062142,0.0061002,-0.030588,-0.011791,-0.020346,-0.015793
-0.028104,-0.031181,-0.019787,-0.0081411,-0.026848,0.0063816,-0.0069337,-0.025678,-0.0083956,-0.013073,-0.0079021
-0.011173,-0.0074904,-0.034223,0.015801,-0.00674,-0.024052,0.0025004,-0.040679,-0.054804,-0.016708,-0.033189
-0.029737,-0.015986,-0.028005,-0.0079549,0.00053473,-0.0031467,0.010058,-0.028261,-0.014694,-0.0080803,-0.033016
-0.012643,-0.0086511,-0.020256,-0.017117,-0.0074713,-0.025538,0.012782,-0.0099503,-0.019764,0.00022914,-0.028175
-0.021451,0.012721,-0.011631,0.001347,-0.0093483,-0.010028,-0.018787,-0.019115,-0.043078,0.0034918,-0.017093
-0.020283,-0.003636,-0.014066,-0.00035691,-0.001051,-0.025915,-0.011266,-0.017185,-0.027675,-0.0070647,-0.025509
-0.019365,-0.010457,-0.025746,-0.011069,-0.0016301,-0.0038543,0.0069066,0.014826,-0.008812,-0.0037942,-0.027922
-0.034114,-0.0033906,-0.025604,-0.022662,0.0012696,-0.0091603,-0.013813,0.00013279,-0.00026308,-0.027297,-0.035782
-0.011181,-0.01724,-0.032942,-0.022933,0.010544,-0.0029364,-0.02311,0.0074192,-0.015348,-0.010768,-0.032904
-0.029247,0.0013267,-0.013611,-0.015321,0.021019,-0.029578,-0.01838,0.0070313,-0.0018773,-0.02212,-0.021724
