0.016974,0.027622,0.038843,0.028475,0.026565,0.022521,0.030996,0.053007,0.052352,0.02954,0.031373
0.0026092,0.0059758,0.029084,0.048711,0.020527,0.025887,0.017175,0.030227,0.023609,0.018428,0.010911
0.0019329,0.013545,-0.0031188,0.034144,0.037778,0.023049,0.035822,0.013655,0.013228,0.043145,0.027794
0.0023609,0.024921,0.012451,0.0027602,0.0029445,0.032182,0.028843,0.0087856,0.022728,0.016552,0.026478
0.0061763,0.019928,0.012039,0.0028363,-0.0039958,-0.0019825,-0.0039682,0.00039661,0.0019,0.012676,0.012041
0.018579,0.017543,0.0058463,-0.0082629,-0.0030659,-0.031858,-0.033803,-0.0031773,-0.023427,0.0031085,0.0091392
0.0084262,0.0018149,-0.0094102,-0.026579,-0.011608,-0.016977,-0.028159,-0.033202,-0.013431,-0.014153,-0.0052082
-0.022451,0.0090644,-0.022287,-0.029572,-0.036589,-0.020896,-0.016974,-0.018908,-0.024766,-0.011718,-0.02136
0.011135,-0.0024086,-0.0078614,-0.0088128,-0.011624,-0.015145,-0.028291,-0.013044,-0.0027212,-0.0043785,-0.004489
0.026192,0.0045644,-0.024857,0.0070497,0.00028938,-0.026256,-0.013462,-0.00080507,-0.0015379,-0.0096386,-0.019447
0.014013,-0.00656,-0.0063664,-0.0044208,0.0078865,0.0052167,-0.0083847,-0.009576,-0.032316,-0.01431,-0.035259
