0.020849,0.016091,0.026031,0.024364,0.0076633,0.00781,0.013779,-0.024595,-0.015529,-0.017781,-0.011207
0.010322,-0.001705,0.012669,0.011233,0.0066089,0.020762,0.014375,-0.023998,-0.02031,-0.00075951,-0.011697
0.0019395,0.018531,0.019779,0.013687,0.008498,0.024335,0.0047107,-0.022629,-0.019424,-0.0009825,0.013794
0.035102,0.013152,0.020296,0.017614,0.037558,0.040011,0.0014713,-0.037724,-0.014148,0.00028961,-0.0039192
0.021198,0.021534,0.030302,0.018511,0.018361,0.038398,0.0047401,-0.0124,-0.010323,-0.0096741,-0.0077842
-0.018115,-0.022392,-0.018272,-0.027659,-0.0073936,-0.018552,-0.020302,0.013699,0.020353,-0.0066949,0.00073281
0.00072781,0.0099786,-0.01162,-0.019637,-0.013565,-0.03684,-0.023584,-0.020905,0.017715,0.0098189,0.0044918
-0.00089247,-0.001887,0.0032534,0.00091507,0.016952,-0.031631,-0.035167,-0.013054,-0.0011276,0.011926,0.0058828
0.0045018,-0.0027418,-0.0073613,-0.034874,-0.020183,-0.017431,-0.0056301,0.0020479,0.013236,0.0074099,0.037105
0.0098812,-0.017866,-0.020151,-0.0059207,-0.026158,-0.025598,-0.040406,-0.038929,0.0070649,-0.0035982,0.012927
0.01107,-0.014753,-0.0047254,-0.01856,-0.021752,-0.039979,-0.073876,-0.047881,-0.033754,-0.023708,0.0070182
