0.016967,0.047674,0.01498,0.027227,-0.038997,-0.041635,-0.015147,0.04008,0.0086864,0.041045,-0.0023345
0.018373,0.028122,8.4991e-05,0.010186,-0.025028,-0.05881,0.015563,0.027416,0.0090589,0.020618,-0.026377
0.024168,0.014092,-0.01983,0.010293,-0.017221,-0.054528,0.00041072,0.022222,0.010918,-0.0069461,-0.031603
0.0078967,0.016686,-0.017876,0.026955,0.0036839,-0.039884,0.0074795,0.05425,0.035333,0.0034905,-0.016076
-0.0039353,0.024507,-0.027455,0.025645,-0.011983,-0.021013,0.0029018,0.060461,0.049586,0.010567,-0.032602
0.0067617,0.0091161,-0.010481,-0.012555,-0.023019,-0.025279,-0.016009,0.077362,0.048109,-0.0036901,-0.060039
-0.0098066,0.0094971,0.009886,-0.012126,-0.037097,0.0020403,-0.019376,0.054218,0.083691,-0.021944,-0.060095
0.0014624,0.012985,-0.0012421,-0.007841,-0.035767,-0.035994,-0.017367,0.048724,0.0745,-0.041419,-0.067796
0.012823,0.0015807,-0.007858,-0.033199,-0.032824,-0.041836,-0.026485,0.037796,0.10873,-0.040442,-0.074284
-0.0021247,0.022799,0.0025923,-0.040637,-0.018304,-0.0037774,-0.037916,0.052899,0.098659,-0.055203,-0.091328
-0.0043942,0.022608,0.024407,-0.019643,-0.0017619,0.031818,0.019137,0.056653,0.056379,-0.049694,-0.083831
