0.029214,0.010833,0.021189,0.028171,-0.0072098,0.00695,0.0040006,-0.015064,-0.030858,0.004068,0.0089702
0.0013948,-0.013173,0.020085,0.0093555,0.011931,-0.013324,-0.017702,-0.0080142,-0.01499,7.0747e-05,0.029652
-0.0083959,0.015211,0.011032,-0.02749,-0.011706,-0.00070815,-0.036068,0.0093437,0.0081,0.010739,-0.00083462
0.020846,0.0069625,-0.013057,-0.012674,0.00014822,-0.027235,-0.0062508,0.0081461,0.0031523,0.012514,-0.0035958
0.030158,0.048847,0.0088378,0.032434,0.0064449,0.0032994,0.011894,0.00080214,-0.0057199,-0.0027224,0.013574
0.037466,0.012096,0.054398,0.038645,0.012465,0.0089818,-0.010927,-0.022214,-0.0082387,-0.01259,-0.016208
0.0096672,-0.013735,-0.011303,-0.014848,0.01552,-0.015345,-0.016577,-0.037643,-0.0041999,-0.045129,0.0068921
0.0096862,-0.042016,-0.03591,-0.027058,0.0036839,0.022096,0.019195,0.010486,0.020571,-0.0019226,-0.0076827
-0.0015275,-0.018651,-0.022397,0.0095262,-0.01028,-0.011824,-0.0083194,0.017996,0.013166,-0.014305,-0.0045704
0.0058922,-0.0021688,0.01658,0.010206,0.020859,-0.0077075,0.0095442,-0.012591,-0.005861,-0.0045048,0.0069415
-0.00043232,0.01198,0.031091,0.017211,0.017897,-0.0056367,-0.002463,-0.016617,-0.0087266,-0.023971,0.0053601
