0.025884,-0.017829,0.0024558,0.022962,0.016547,-0.013907,-0.028925,-0.007768,-0.0076376,-0.0043311,-0.016372
0.027175,-0.016549,-0.028114,0.0036059,-0.016915,-0.038165,-0.027849,-0.014863,-0.027196,-0.0036529,-0.039067
0.028273,-0.00024786,-0.013761,0.012836,0.020492,-0.020223,-0.012871,-0.029281,-0.027875,-0.00079655,-0.0058049
0.032639,-0.0080533,-0.041553,0.028249,-0.019695,-0.032298,-0.039911,-0.020393,-0.0034425,0.064579,0.0015569
0.013014,-0.028108,-0.054463,-0.012092,-0.0086802,-0.03988,-0.021243,0.011682,0.019744,0.037049,-0.024428
0.0040317,-0.016818,-0.055852,-0.012161,0.009531,-0.024459,-0.0002481,0.032272,0.037818,0.027896,-0.011854
0.037498,0.011384,-0.039672,0.0039812,0.041023,-0.014282,0.031345,0.027351,0.030476,0.010395,-0.021908
0.025789,0.0015432,-0.013425,0.019729,0.033557,0.01149,0.046961,0.029295,0.031417,0.011728,-0.01391
0.0085774,-0.0015467,-0.022519,0.012946,0.019879,0.013909,0.016503,0.015554,0.02594,0.0094827,-0.0099772
0.026451,0.0039279,-0.024585,0.0068796,0.030078,0.027183,0.011237,0.007365,-0.0038118,-0.0017328,-0.012868
0.013363,0.051019,-0.013028,0.0095992,0.01975,0.00085324,-0.013837,-0.036655,-0.022166,-0.031931,0.0060938
