0.015607,0.010027,0.01039,-0.015492,0.023069,0.036509,-0.0075511,-0.037397,-0.00013183,0.0085782,0.013764
-0.011276,0.00077237,-0.022335,-0.043339,-0.014141,0.033484,0.028809,-0.048577,-0.032322,0.00057949,0.0075923
0.0036429,0.02361,-0.0054199,-0.0089199,-0.028835,0.0076282,0.063923,0.0045292,-0.044294,-0.026363,-0.0010207
-0.0095821,0.021302,-0.036684,-0.00027727,-0.026709,-0.010311,0.04166,0.016523,-0.027502,-0.031343,-0.021921
-0.020945,0.049439,0.003619,-0.016689,-0.01599,-0.032886,0.023721,0.043697,0.027517,-0.031259,-0.027795
-0.018514,0.044383,0.037785,-0.026245,-0.0029512,-0.033484,0.027494,0.055423,0.046567,0.025788,0.0068284
-0.030395,0.0046893,0.029988,-0.019117,-0.006228,-0.047882,-0.023189,0.03846,0.0016629,0.021171,-0.031403
-0.043596,0.019862,0.035311,0.001918,-0.017338,-0.036629,-0.034966,0.0028893,-0.0024725,0.0031596,-0.02894
-0.019798,-0.024924,0.029534,0.047191,-0.0029076,-0.01765,-0.05111,-0.0070181,-0.0040535,-0.010003,-0.00026621
0.0065025,-0.020519,0.010711,0.062007,0.0082273,0.010809,-0.033937,0.00015914,0.0072168,0.0034662,0.023938
0.017555,-0.069017,-0.0081827,0.011418,0.010141,0.0090352,-0.014518,-0.011689,0.028818,0.03516,0.026561
