-0.034636,-0.016539,0.00017944,-0.0070019,-0.00075355,-0.015575,0.0080132,0.021922,0.017478,0.016105,1.6154e-05
-0.026236,-0.0094333,0.0064226,0.0080198,0.0073333,-0.0088056,0.025014,-0.0062324,-0.010068,-0.012569,-0.0090389
-0.027314,-0.028296,-0.01444,-0.029391,-0.018064,0.014771,0.0049255,-0.014313,-0.022001,-0.018976,-0.028675
-0.0066986,-0.012466,-0.031736,-0.0193,-0.026721,0.022645,0.010021,0.0035175,-0.010448,0.017112,-0.0043696
-0.02538,-0.0067894,-0.011483,-0.010475,-0.0056196,-0.0084228,-0.020232,5.5537e-05,-0.0012316,0.0087722,-0.0021762
-0.039411,-0.013308,-0.022971,0.006903,-0.016998,-0.015318,0.0040451,0.0049118,-0.014872,-0.010097,-0.01527
-0.020237,-0.029377,-0.017004,-0.035906,-0.0022928,0.021374,0.011281,-0.0044627,-0.016679,0.016408,0.0045552
-0.029283,-0.010664,-0.013772,-0.015606,-0.0035044,0.004441,-0.0096685,0.025038,0.0052762,0.031377,0.021344
-0.024261,-0.0047867,-0.0039058,-0.014402,0.0028868,0.006373,0.0084491,0.03257,-0.0072223,0.0087448,-0.0059544
-0.011875,-0.017827,0.023046,0.0074982,-0.013364,0.0011821,0.026265,0.027425,0.027919,-0.0062943,-0.015877
-0.0074228,0.019589,0.011839,-0.015633,-0.0079231,0.042157,0.028009,0.0062234,0.013102,-0.0037348,-0.016228
