0.058022,0.041437,0.011855,0.020007,0.012142,0.013648,0.0010904,-0.023702,-0.01375,-0.021672,0.0049835
0.032317,0.028548,-0.017904,-0.0088896,-0.00024873,0.0051397,-0.0062124,0.00023172,-0.010369,0.012218,0.028462
0.036755,0.013012,-0.022296,-0.011673,0.0049844,0.0036807,0.012072,0.0073038,-0.0091145,-0.00050347,0.015131
0.0075238,0.025203,-0.020691,-0.023173,0.023602,0.013109,0.021368,0.012589,0.0037127,0.0016075,0.0066891
0.013951,0.022501,-0.0013786,-0.00029319,0.04137,0.027244,-0.0091659,-0.008479,-0.021744,-0.010386,-0.0011452
0.028512,0.039465,0.0070961,-0.010285,0.0049673,-0.023338,-0.016758,-0.0041711,-0.013513,-0.022658,0.0030778
0.010827,0.0097811,-0.013349,-0.029208,-0.022048,-0.01053,-0.024104,-0.033188,-0.037896,-0.03272,0.018356
0.023391,0.012809,-0.015858,-0.023567,-0.013037,-0.0042406,-0.013861,-0.014598,0.0043001,-0.028616,0.0071859
-0.0070245,-0.001964,-0.010775,-0.021195,0.0011799,-0.0077317,0.0020047,-0.0037515,0.0067467,-0.022728,0.021619
0.016927,0.027034,0.0092252,0.008844,-0.00054743,0.0010279,0.017592,0.020166,0.018822,0.0007053,0.0041847
0.029984,0.022393,-0.01461,0.0016198,0.015514,0.025878,0.0060836,0.034778,0.01199,0.012977,0.0011177
