0.01799,0.022487,0.028437,0.017647,0.044377,0.032121,0.034278,0.0037084,0.010152,-0.0047314,-0.011872
-0.0052859,0.0024797,0.0036458,0.018083,0.0054727,0.041338,0.025002,0.0052444,0.0067077,-0.0018188,0.016343
0.0074271,-0.0027476,0.00049348,0.0079591,0.012558,0.016416,0.015137,-0.010749,-0.030599,0.017832,-0.010179
-0.0013939,0.0061285,0.021195,0.0063574,0.030137,0.042121,0.017925,-0.017798,0.003893,0.0018195,0.0064711
-0.0064779,0.0092883,0.010853,-0.0076202,0.00058286,0.052096,0.0048574,0.0037827,0.018279,0.023258,-0.022589
-0.011779,-0.028388,-0.0043827,-0.0043342,-0.04765,0.0029102,-0.020995,-0.016067,0.015815,0.003372,0.0084309
-0.01159,-0.012869,-0.014183,-0.029121,-0.010854,-0.018733,-0.022137,0.003596,0.0041029,0.015161,-0.013029
-0.0063517,0.010785,0.0017293,0.0032527,0.0066275,-0.017057,-0.021145,-0.0025765,0.0058955,0.013225,0.015218
-0.0095778,-0.011484,-0.0028859,0.0027898,-0.0063937,0.0091845,-0.018598,-0.00032677,-0.0037042,0.001488,0.0012704
0.0041713,0.0029652,0.01324,0.0093533,-0.011816,-0.010015,-0.0046175,0.0010649,0.003033,-0.036802,0.015938
0.019428,0.0049744,-0.0011718,0.013781,0.0064844,-0.018524,-0.013766,-0.0013469,0.00027282,-0.022791,-0.006975
