-0.020598,0.025473,0.0032521,0.01009,-0.017825,0.027675,0.044695,0.00195,-0.0072208,0.0044386,-0.00033038
-0.019471,0.017032,0.0061181,0.0049978,-0.029273,0.020212,0.021535,-0.031262,-0.00066766,0.011008,0.019033
-0.021302,-0.0017662,0.0099675,-0.010942,-0.061556,-0.028363,0.031347,-0.02927,0.006691,0.0011861,-0.0014364
-0.036537,-0.0055381,0.013979,0.016652,-0.044981,-0.047066,0.063762,0.0046266,-0.0060367,-0.01938,-0.016291
-0.0083633,-0.023172,0.010949,0.015927,-0.056633,-0.063759,0.051413,-0.01078,-0.024526,-0.024498,-0.0025274
0.013533,-0.025271,0.015036,0.041428,-0.033775,-0.074063,0.084097,0.00030725,-0.016376,-0.023973,-0.0041513
0.045079,-0.028927,0.0074768,0.078173,-0.028369,-0.081279,0.031511,0.060514,-0.026741,0.004808,0.0049633
0.011857,-0.00050763,0.010815,0.067621,-0.019284,-0.063909,0.015562,0.068936,0.0046889,-0.01324,0.016437
-0.010535,0.00089512,-0.013599,0.039256,0.029524,-0.047285,-0.01156,0.050549,-0.0062958,0.00059138,-0.0097568
-0.0062534,0.0041481,-0.035477,0.043059,0.016014,-0.058397,-0.026879,0.051938,0.01843,-0.026893,-0.0086883
-0.024547,0.002882,-0.016796,0.032639,0.0038984,-0.062706,-0.057084,0.011885,0.0042707,-0.024565,0.0084208
