0.02056,-0.028054,-0.031982,-0.011672,0.04119,0.05361,-0.0077153,-0.017597,0.022989,0.027698,-0.0067853
0.029001,0.036178,-0.010341,-0.052229,-0.020056,0.057728,0.0063702,-0.011397,-0.0099644,0.011338,0.0050872
0.0172,0.04119,0.044339,-0.0044139,-0.049825,-0.012384,0.052314,0.011177,-0.02601,-0.022196,0.010609
-0.015841,0.0033276,0.045194,0.044679,-0.02686,-0.075721,-0.012909,0.0039612,-0.027893,-0.031934,-0.0161
-0.037568,-0.050847,0.021065,0.049459,0.036597,-0.030003,-0.046502,-0.01027,0.0050513,-0.022893,-0.024314
-0.028158,-0.064113,-0.048663,0.0016288,0.038403,0.049234,0.003126,-0.0069721,0.028102,-0.024558,-0.023256
0.050786,-0.028435,-0.083716,-0.037589,-0.00087949,0.02013,0.0047143,0.022686,0.01797,0.028686,-0.018708
0.044759,0.05501,-0.00013265,-0.060917,-0.046472,-0.015241,0.001416,0.027156,0.031023,0.025538,0.0088244
0.043568,0.051398,0.071179,0.04188,-0.011797,-0.026988,-0.039774,-0.007821,0.015081,0.020232,0.00081159
-0.011481,0.0043787,0.047442,0.046744,0.032096,-0.0082607,-0.039138,-0.025605,-0.00037045,0.021387,-0.015669
-0.064641,-0.053828,-0.02602,-0.0099993,0.024656,0.015799,0.00019463,-0.012961,-0.010999,-0.0015825,-0.0082286
