0.021083,0.029573,0.02356,-0.0024582,0.016023,0.044851,0.059771,-0.010807,-0.0076816,-0.010076,-0.0070454
0.036754,-0.0082319,0.0036533,0.0087799,0.02963,0.012949,0.010542,-0.018043,-0.02063,-0.024043,0.00039198
0.025491,-0.023538,-0.0019124,0.0056901,0.039708,0.015033,-0.01161,-0.030072,-0.03179,-0.0086102,-0.0034341
0.0083308,-0.0080989,-0.013539,0.0087688,0.014746,-0.0032909,-0.017187,-0.026863,-0.014957,-0.016688,-0.020207
-0.021748,-0.046292,-0.0029908,-0.015797,0.0083136,0.0073996,-0.015696,-0.039299,-0.020811,0.01114,-0.0017556
-0.024764,-0.024246,0.0027142,-0.0055557,0.0066943,-0.013497,-0.0095484,-0.020556,-0.0075437,-0.0068121,-0.0074064
-0.049846,-0.012558,-0.0077019,-0.020165,0.027519,0.0064289,-0.011243,-0.0089648,-0.0065632,0.0069066,0.013029
-0.027847,-0.0070794,0.013192,-0.0066951,0.0045083,-0.013282,-0.010214,-0.0052184,0.014043,0.0017229,-0.00098583
-0.016007,-0.031702,0.0059999,0.018729,0.026602,0.018938,-0.0059473,0.0092652,0.014133,-0.0081663,0.021793
-0.0061839,-0.012714,-0.021507,-0.005653,0.018249,0.0081952,-0.0071645,-0.0014868,0.007493,-0.009514,0.026873
-0.014245,0.0031861,-0.01678,-0.017451,-0.029034,-0.012222,0.00073396,-0.01937,0.0022024,0.0066296,0.012652
