0.0081919,0.011024,0.02034,0.075344,0.032823,0.040983,0.0010627,-0.019271,-0.02322,-0.011119,0.0057902
-0.0094736,-0.025077,-0.028091,-0.010265,-0.046882,-0.0091366,-0.040878,-0.020749,-0.0024031,-0.0054887,0.0018629
0.0038701,0.013468,-0.031226,-0.0087467,-0.054071,-0.019359,-0.024986,-0.0095235,0.012977,-0.0084836,0.0030799
0.019049,0.017619,0.0064775,0.013436,-0.0059932,0.0026583,0.0039617,-0.0056354,-0.024517,-0.020079,0.011806
-0.010365,0.023094,-0.02825,0.023973,-0.022,-0.0017489,-0.011113,0.0073966,-0.033799,-0.040701,-0.0094352
0.011201,-0.0042149,-0.061023,-0.01195,-0.034862,-0.015413,0.0065416,0.00090976,-0.0047717,-0.0014922,0.0021792
-0.0093221,-0.039024,-0.032122,-0.0034821,0.0023105,0.029913,0.029521,-0.017615,-0.02613,-0.044968,-0.029307
-0.037536,0.0011021,-0.0030726,0.038763,0.041883,0.011291,-0.034593,-0.027404,-0.039154,-0.03966,0.024379
-0.0090754,0.011618,0.02393,0.074824,0.026489,-0.043998,-0.068412,-0.047248,-0.044557,0.0056763,0.066712
0.01561,0.0052491,-0.00095658,0.032145,-0.015357,-0.051466,-0.056223,-0.013289,0.017883,0.071183,0.043648
-0.0060855,0.00057282,-0.0070406,-0.02567,-0.019295,-0.044816,0.0044888,0.040561,0.02867,0.020604,-0.015149
