0.035399,0.040805,0.043698,0.032186,0.012403,0.007984,0.02,0.021594,0.006455,-0.017296,-0.037144
0.030551,0.032034,0.031002,0.024073,-0.0085283,-0.00092096,0.0098868,-0.0052178,0.0091634,-0.0092379,-0.045404
0.023315,0.013789,0.016665,-0.0047684,-0.043377,-0.010099,0.00097752,0.01662,0.0065856,-0.0099356,-0.026064
0.033344,0.018147,0.0086908,0.00017756,-0.0195,-0.023006,0.0013932,0.0043358,-0.012507,-0.0049325,-0.018422
0.026318,0.029158,0.015898,0.0044879,-0.029474,-0.015402,0.0031638,-0.0039899,-0.0091946,-0.0077297,-0.013176
0.034707,-0.0095009,0.011211,-0.014526,-0.016487,-0.0060198,0.026787,-0.0068624,-0.026439,0.013053,-0.005579
0.022083,0.015063,-0.0057844,-0.013925,-0.019198,0.011223,-0.0081557,-0.00072872,-0.019586,0.022678,0.022598
0.021634,-0.011335,-0.0030734,-0.025088,-0.017431,0.0037977,-0.010433,-0.027891,0.010237,0.0061648,0.0069136
0.0068221,-0.00060834,0.012621,-0.037054,-0.018704,0.00035671,0.0060055,-0.0028825,0.017083,-0.013035,-0.0056167
-0.0052529,-0.0072284,0.00078606,-0.0060763,-0.013965,0.017637,-0.0012971,-0.030605,-0.0069542,0.002414,0.010293
0.0053634,0.01529,0.015123,-0.027033,0.0054508,-0.02392,-0.022787,-0.017897,0.011602,0.00012867,0.0014749
