-0.00027896,0.016406,0.023372,0.013077,0.00737,0.017516,0.012427,0.0080918,-0.028564,-0.036404,-0.010342
-0.01824,-0.033308,-0.011601,-0.011037,-0.018559,0.0030804,-0.015596,-0.021371,-0.035266,-0.018331,-0.046295
-0.045546,-0.053733,-0.072166,-0.010536,-0.0017923,-0.0078781,-0.012314,-0.0013108,-0.022528,-0.0096216,-0.035315
-0.044194,-0.069577,-0.095326,-0.051372,0.010301,0.006348,0.0054107,-0.007032,-0.0050806,0.018197,0.0030078
-0.031708,-0.058113,-0.075497,-0.019847,0.0233,0.044744,0.00673,0.012331,0.014791,0.021053,0.042674
-0.012121,-0.056681,-0.049707,-0.015372,0.039047,0.054612,0.038407,0.0096204,0.015374,0.019249,0.022934
0.02097,-0.0071842,-0.027002,-0.013196,0.051072,0.076293,0.05978,0.024167,0.0036066,0.01097,0.0062582
0.03802,-0.0011242,-0.031333,-0.027629,0.044467,0.057666,0.034669,-0.0066529,-0.028744,-0.0085211,0.0017008
0.029258,0.0039787,-0.016642,-0.021205,0.013081,0.022509,0.0097918,-0.026285,-0.010274,-0.027221,-0.016087
-0.00089231,0.024447,-0.0053365,-0.0064788,-0.021601,0.0065301,0.0049806,-0.02054,-0.024636,-0.012407,0.00040375
0.025137,0.0040021,-0.0017352,-0.0076882,0.0080452,0.0014798,-0.023528,-0.019124,-0.012185,-0.0022541,0.025602
