-0.0055502,-0.0098889,-0.010307,-0.019453,-0.0018378,0.026682,0.01281,-0.0054171,-0.0012766,0.006965,0.016827
0.0012698,-0.014784,-0.0068921,-0.017136,-0.0084564,0.010171,0.033097,-0.017087,-0.012378,0.023491,0.010533
0.0031989,0.0039344,-0.024508,-0.014019,-0.022248,-0.018005,0.017781,0.023254,-0.031136,-0.0020813,0.031043
-0.001335,-0.00016624,-0.002587,-0.023505,-0.038539,-0.025345,0.010478,0.026913,0.013323,-0.016691,0.011564
0.0074178,0.018771,0.0033702,-0.0050425,-0.028893,-0.047334,-0.010163,0.018192,0.05454,0.0048611,0.008814
-0.013335,-0.00036092,0.0039319,0.010725,-0.027377,-0.08123,-0.058071,0.029964,0.073812,0.015474,0.00092115
0.006452,0.0085116,0.016091,0.047924,0.035204,-0.031814,-0.086335,-0.054335,0.059108,0.062412,0.040658
-0.014158,-0.008842,0.0090604,0.027325,0.056004,0.038381,-0.055974,-0.12369,-0.0060854,0.046321,0.057295
-0.038296,-0.020186,-0.009189,-3.9833e-05,0.045277,0.097654,0.069331,-0.077558,-0.10112,-0.017181,0.060968
-0.016584,0.0022503,-0.0030993,0.012888,0.032605,0.06974,0.1012,0.069974,-0.073439,-0.055421,-0.0045993
-0.011414,-0.006952,-0.0085326,-0.020526,-0.011124,0.0012911,0.046506,0.12333,0.07779,-0.028648,-0.071151
