0.021048,-0.010216,-0.0085411,0.0020602,-0.018995,0.028953,0.030621,0.0088292,0.012501,0.022938,0.012113
-0.0022629,0.00064518,0.0086544,0.00084309,0.0060531,0.00041414,-0.010836,0.0013785,-0.0035637,-0.011494,-0.00047363
-0.011672,-0.017639,-0.0063638,-0.01489,-0.0077751,-0.023714,-0.01509,0.018864,-0.0031151,0.0023257,-0.022753
-0.027021,-0.034792,-0.010259,-0.012486,-0.016358,-0.0010807,-0.013019,-0.0054855,-0.023961,-0.034409,-0.011535
0.007164,-0.013583,-0.013586,0.010013,-0.022974,-0.0061417,0.012659,0.021084,0.010852,-0.019888,0.018141
-0.037777,-0.0082787,0.015965,0.014244,0.011786,-0.014649,0.012354,0.002165,0.0073341,0.01051,-0.00080612
-0.002618,0.0017837,-0.00039195,0.012384,-0.011244,0.0014177,0.010744,-0.014204,-0.0094135,0.0099427,-0.016987
0.00089817,-0.016053,0.019307,0.01487,0.008053,0.013605,0.00094963,-0.011234,0.0052908,0.018395,-0.0081018
0.0022662,0.0046365,0.0020639,0.0026097,0.01049,0.01321,0.0063211,0.00377,0.01309,0.02778,-0.0055881
0.0087706,0.029638,0.017977,0.027514,0.019778,0.014,0.014592,0.0083647,0.016215,0.013975,-0.00011007
0.011684,0.030556,0.0069305,0.010577,0.014567,0.017519,0.0040973,0.0080524,-0.012136,-0.0051262,-0.0084452
