-0.047697,0.0087556,0.02807,0.0029323,-0.0040072,-0.018459,-0.04066,-0.012329,0.015271,0.0020902,0.0028419
-0.058236,-0.0023102,-0.010347,-0.0057523,0.0090085,-0.034507,-0.045463,-0.0082625,0.019015,0.028017,0.012905
-0.029007,-0.0047512,0.024901,0.010971,0.0090654,-0.020446,-0.020585,0.0081937,0.023332,0.022267,0.010875
-0.019998,0.016153,0.014138,0.019575,-0.017667,-0.0097058,-0.017906,0.014289,0.022607,0.018194,0.0012
0.012197,0.040954,0.049894,0.033798,-0.016853,0.005799,-0.0080309,0.010583,0.054829,0.011801,0.012778
0.0089402,0.048571,0.049501,-0.0095227,-0.036876,-0.005919,-0.035167,0.0050262,0.0306,0.0076706,0.0026974
0.00080155,0.020225,0.010425,-0.033884,-0.011908,-0.0092129,-0.022539,0.010271,0.023955,0.0051043,-0.011829
-0.011244,0.017008,0.0097366,-0.013472,-0.0070494,-0.017859,-0.03955,0.016547,0.020071,0.010603,-0.024962
-0.021669,0.025014,-0.022178,-0.026651,-0.024558,-0.040013,-0.02744,0.035086,0.067764,0.0083584,-0.016462
-0.0079764,0.016134,-0.016777,-0.02347,-0.032085,-0.011875,-0.018805,0.043126,0.066042,-0.0074349,-0.035676
0.0014639,0.020453,-0.043042,-0.020313,-0.013905,-0.018153,-0.016833,0.015823,0.034038,-0.015033,-0.010432
