-0.021274,-0.014927,-0.026451,-0.027429,-0.040419,-0.042776,-0.027822,-0.01713,-2.5829e-05,0.009089,-0.0046491
-0.022661,-0.021357,-0.014245,-0.022156,-0.038032,-0.019946,-0.011416,-0.024878,-0.016382,-0.0059869,0.0063269
0.00283,0.018846,-0.013412,-0.010301,-0.029067,-0.028377,-0.01784,-0.0009244,0.011862,-0.0067053,-0.0036714
-0.0098595,0.0070908,-0.010928,-0.025291,-0.020915,-0.013838,0.01226,-0.012483,0.0024324,-0.00011794,0.0036519
-0.0026019,-0.0037886,0.010714,0.0029298,0.00015536,0.0042446,0.0042017,-0.019765,-0.0086224,0.0074239,-0.012599
-0.015045,-0.00072216,-0.0068965,-0.018047,-0.011882,-0.019237,-0.017246,-0.0022746,-0.0013696,-0.0054098,-0.016445
-0.0096002,-0.027803,0.0033112,-0.003512,-0.0074692,-0.021829,-0.020056,-0.0105,-0.01866,0.027184,0.0020096
0.00062268,-0.017934,-0.0092255,0.0083941,0.024273,0.026504,0.0067076,-0.014151,0.011556,0.003556,-0.0064015
-0.0073954,-0.0095292,-0.024143,-0.0083249,-0.00053369,0.0075512,0.0091579,-0.0045472,-0.034634,0.0043222,-0.012881
-6.8927e-05,-0.015228,0.0038201,0.014661,-0.016505,-0.024188,0.0042925,0.015431,0.00036498,-0.020328,-0.02841
-0.018454,-0.01802,-0.0014709,-0.0073631,-0.005956,0.014695,0.034167,0.020268,0.035162,0.01152,0.010737
