0.046817,0.027366,0.030223,0.0030472,0.025104,0.012915,0.0055034,0.023374,0.032397,0.052805,0.073263
0.037326,0.023293,0.027797,0.012924,0.059768,-0.013465,-0.039125,-0.03849,-0.014518,0.0058718,0.051163
-0.024121,-0.020736,0.0022436,0.0087774,0.0016171,-0.01267,-0.015105,-0.044347,-0.042828,-0.059567,-0.037593
-0.06439,-0.052703,0.023412,0.026655,-0.0025522,-0.012107,-0.0013172,0.0078538,0.0047198,-0.054299,-0.033692
-0.024038,-0.030085,0.027456,0.032266,0.033625,0.023689,-0.029485,0.01417,0.034666,0.01353,-0.014801
-0.00075082,-0.02163,0.0052207,-0.001829,0.0063749,-0.010801,-0.0010656,0.0051882,0.0057261,-0.009395,0.030931
0.014785,0.024556,-0.010815,0.013989,0.021308,0.0015748,0.014849,-0.0088081,-0.0056274,-0.0020987,0.0057483
-0.016138,0.014346,0.019063,-0.045858,0.0030753,0.017756,0.02253,0.0053503,-0.02098,-0.003006,-0.012857
-0.036173,0.0065169,0.020433,0.0082728,-0.024637,-0.0051574,0.048926,0.04386,0.011174,0.0066876,0.025613
-0.021518,0.028709,0.026803,0.0035114,-0.025082,-0.0369,0.019082,-0.00675,-0.012806,-0.0049991,-0.012345
-0.028381,-0.025155,-0.04094,-0.0023386,-0.0078106,-0.035352,-0.065595,0.0016929,-0.013825,-0.023399,-0.029255
