-0.016246,-0.039719,-0.023459,-0.0049167,0.030643,0.036632,0.024264,0.023815,0.0071369,-0.0021116,0.032924
-0.013959,-0.051336,-0.03913,-0.051524,-0.011659,-0.010952,0.027221,0.026188,0.0013184,-0.014301,0.0053823
-0.015781,-0.030363,-0.035765,-0.027169,-0.028891,0.005573,0.023085,0.045074,0.00044742,-0.012654,-0.0025432
-0.040355,-0.013667,-0.014507,-0.030499,-0.010172,0.0086978,0.017469,0.048617,0.01849,0.014935,0.016255
-0.015425,-0.03151,-0.042317,-0.030308,-0.042246,-0.0074353,-0.010746,0.033537,0.02244,0.033153,0.0065015
0.022614,-0.027618,-0.045002,-0.052706,-0.041951,-0.036009,-0.013295,0.0014815,0.012275,0.020864,0.01296
0.02957,0.0039036,-0.03245,-0.055324,-0.040544,-0.051608,-0.035411,-0.031397,0.023519,0.0048005,0.010596
0.010965,0.023477,0.020922,-0.037471,-0.018541,-0.037147,-0.046516,-0.029058,-0.0040896,0.013951,0.025161
0.033412,0.036772,0.061864,0.032446,-0.05011,-0.055962,-0.042297,-0.067169,-0.022329,-0.01034,-0.013533
0.040443,0.033848,0.024956,0.063266,0.006749,-0.043534,-0.044578,-0.039383,-0.048209,-0.040663,-0.027456
0.011157,0.035195,0.041247,0.031281,0.037222,0.015353,-0.032847,-0.05559,-0.021938,-0.040374,-0.030801
