0.042073,-0.0038024,-0.023504,-0.0074364,0.0067494,0.012965,0.031879,0.017856,0.020179,0.018525,-0.0023353
0.029783,-0.0016668,-0.011002,0.0084218,0.022414,-0.0012868,0.0060266,-0.011591,0.00021002,-0.030097,0.013335
0.040109,-0.001372,0.0031307,-0.00034189,0.0056798,0.016621,0.00040774,-0.034055,0.00545,0.00029084,-0.0071134
0.045814,0.00093413,0.018455,-0.011892,-0.0091403,0.036013,0.0057868,-0.029349,0.00084483,0.001903,0.0081574
0.0050017,-0.0056292,0.017879,0.01007,0.0070075,-0.00088937,-0.0071001,-0.02008,-0.0042084,0.0035424,-0.012894
0.012079,-0.013525,-0.0068877,0.003167,0.0099201,0.0028981,-0.0080575,-0.024344,-0.027127,0.0043637,-0.011357
0.0072943,-0.040042,-0.024613,-0.0088927,0.013531,0.021484,-0.015834,-0.01152,-0.0024071,0.020138,-0.013589
-0.01807,-0.015809,-0.016908,-0.021135,0.026204,0.021834,-0.030369,-0.019236,0.032248,0.0089751,-0.017522
-0.024086,-0.027876,-0.021735,-0.020812,0.016338,0.044576,-0.032842,-0.013977,0.0021866,0.017228,-0.027941
-0.021273,-0.014422,-0.010026,-0.010751,0.011737,0.030404,-0.029954,-0.019627,0.03696,0.041001,-0.026837
-0.032321,-0.012494,-0.010505,-0.019543,-0.0040756,0.030092,-0.0080404,-0.0054477,-0.017787,0.00018234,-0.0058091
