-0.00070681,0.038072,-0.064748,-0.095241,-0.0052032,0.092446,0.0032918,-0.056176,-0.015145,0.034075,0.012975
0.024451,0.050567,-0.0021406,-0.06939,-0.057558,0.046778,0.025211,-0.044108,-0.0026942,0.010251,-0.018952
-0.0397,0.040819,0.020629,-0.035114,-0.099427,0.040795,0.073128,-0.0083824,-0.0076412,0.034145,0.0068865
-0.047473,0.035759,0.042381,-0.012988,-0.079751,-0.045285,0.10478,0.0092958,-0.020049,-0.003362,-0.025847
-0.042818,0.01671,0.10014,0.022588,-0.067534,-0.099639,0.064345,0.069438,-0.04703,-0.037633,-0.024234
-0.0046603,-0.025645,0.05686,0.050211,-0.065024,-0.09927,0.029986,0.055633,-0.0084005,-0.0083459,-0.0049224
0.021568,-0.051423,0.047058,0.06522,-0.023313,-0.11416,-0.014272,0.067087,0.006404,-0.0089717,-0.0075841
0.021786,-0.034433,0.0011608,0.061156,0.015441,-0.068989,-0.053451,0.072355,0.030582,0.015162,-0.0025181
-0.0094238,-0.02501,-0.015858,0.05904,0.090874,-0.0080206,-0.071436,0.021291,0.016729,-0.0098554,-0.013973
0.011095,-0.010429,-0.027904,0.069849,0.072568,-0.021239,-0.053803,-0.0055114,0.023993,-0.0045172,-0.0080052
0.042723,0.0068304,-0.03892,0.017338,0.037497,0.031231,-0.066829,-0.037929,0.057264,0.0098472,0.012632
