-0.026994,-0.019213,0.03594,-0.00038677,-0.015768,0.032934,0.017443,-0.037879,-0.012413,0.01912,0.013833
-0.029707,-0.040958,0.025957,0.015578,-0.0030412,0.016978,-0.022854,-0.035028,-0.018486,0.0036952,0.0019625
-0.026175,-0.054483,-0.009981,0.055157,-0.0039326,-0.0013113,-0.010214,-0.058898,-0.031353,0.0022147,-0.014577
0.0090644,-0.067349,-0.037381,0.032921,0.031976,-0.024761,-0.0089445,-0.043792,-0.070474,-0.020985,0.015602
0.031891,-0.035006,-0.067908,0.0020118,0.031805,0.0042508,0.0031798,-0.024204,-0.076578,-0.010889,0.010464
0.031764,0.017651,-0.053769,-0.042145,0.014373,0.02077,0.028186,0.0028867,-0.052122,-0.041177,0.011458
0.04834,0.040352,-0.01771,-0.049722,-0.01114,0.024567,0.043122,0.039998,-0.027414,-0.044926,-0.0070129
0.01868,0.034102,-0.0053587,-0.032352,-0.02063,0.013513,0.015803,0.047526,0.0097721,-0.059045,-0.026741
0.0012853,0.025517,0.010179,-0.035294,-0.020598,-0.0032555,0.0024606,0.041395,0.0048691,-0.058883,-0.034023
-0.0066934,0.0081424,0.026193,0.00032779,-0.026302,-0.002527,0.012111,0.019115,0.013347,-0.029949,-0.056628
-0.012631,0.021933,0.027759,-0.0051576,-0.055348,-0.027567,-0.00013434,0.0046754,0.0079204,-0.019423,-0.042859
