0.0062987,0.016224,0.022628,-0.0010965,-0.0021778,0.013876,0.012255,0.017049,-0.0062664,0.010202,-0.014733
-0.0016266,0.0031351,0.0092427,0.012193,0.0026787,0.0031835,0.011714,-0.0056497,-0.0015866,0.010836,-0.0093025
-0.0087979,-0.0066925,-0.00078298,0.011501,-0.012094,0.012102,0.016449,0.030177,0.0228,0.027167,-0.0049503
0.026363,-0.034403,-0.029663,0.016548,0.035209,-0.01057,0.00036421,0.011057,0.0027026,0.041254,0.010862
0.022588,-0.0024181,-0.019693,0.0082806,0.047299,0.011828,0.0052317,0.0032827,0.043455,0.027344,0.0012973
0.030116,-0.021494,-0.033295,-0.0075201,0.035866,0.010561,-0.0031609,0.022947,0.043359,0.026373,0.019032
0.032184,0.035056,-0.044082,0.0091293,0.046229,-0.014029,0.0068308,0.029024,0.019752,0.032343,0.0065937
0.015225,0.015524,-0.026255,-0.018676,0.040113,0.024328,0.0098523,0.021861,0.03359,-0.0078508,0.011342
0.026939,0.034828,-0.035071,-0.044599,0.024801,0.015815,0.0034962,-0.0027493,0.003828,0.020941,0.0034596
0.012865,0.022101,-0.016712,-0.014927,0.0075477,0.03692,-0.0022201,-0.012726,0.0098944,0.02248,0.027093
-0.002756,-0.014988,-0.019452,-0.039753,-0.014343,0.030548,-0.013038,9.5523e-05,0.018653,0.018523,0.022928
