-0.0047655,-0.0033737,-0.037076,-0.01045,-0.0045445,-0.013384,-0.026494,-0.037418,-0.018425,-0.0081035,0.0063103
-0.0026732,0.0048013,-0.0077389,-0.03368,-0.040751,0.0051533,0.00072438,-0.020875,-0.020154,-0.014925,-0.0058236
-0.0011769,-0.0083073,-0.013715,-0.0031804,-0.042421,-0.03378,-0.014711,0.0015431,-0.0046796,-0.011828,-0.010019
0.0007209,-0.021982,-0.00039588,0.006879,0.0053306,-0.029394,-0.019056,0.028104,0.016835,0.027721,0.017817
-0.003874,-0.005744,0.0052243,0.024965,0.018805,0.059882,0.0048377,-0.0083934,0.026731,0.023155,-0.0089873
-0.027146,-0.0063729,-0.010563,-0.016529,0.013624,0.017522,-0.016568,-0.012538,-0.0339,-0.028447,0.0019904
-0.02287,-0.025969,-0.0049827,-0.024512,-0.037482,-0.027305,-0.032557,-0.021232,-0.033186,-0.019745,-0.00257
-0.011876,-0.011712,0.0018222,-0.014172,-0.035835,-0.035823,-0.011348,-0.019964,-0.020219,-0.011196,-0.010484
0.016343,-0.011907,0.027194,0.0046549,0.00042886,-0.0039801,-0.010151,0.022118,0.012645,0.0069468,0.017336
0.022247,0.0014361,0.013803,0.0016108,0.0049737,0.037203,0.025186,0.027294,0.024253,0.014734,0.037731
0.010025,0.0037735,-0.020883,-0.023646,-0.00045344,0.027225,-0.0072747,-0.01473,-0.016101,0.00963,0.0036542
