-0.0064391,-0.018814,-0.0095565,-0.017872,-0.042816,-0.023738,-0.036486,-0.025154,-0.008589,0.0070333,0.010843
-0.007094,-0.0028159,0.031184,-0.015593,-0.00044863,-0.0038864,-0.0028701,-0.032065,-0.0113,-0.0076155,-0.00039647
0.0095996,0.0065885,0.0031314,0.011237,0.026931,0.043073,0.050239,0.013639,0.0055667,0.018488,0.0090567
0.0054814,0.0079851,0.023508,0.030738,0.051787,0.049072,0.031176,0.02082,-0.0004033,0.0066985,0.01258
0.007192,-0.014687,-0.0010262,0.0095467,0.002956,0.036129,0.01638,0.023165,0.014519,0.010915,0.0043561
-0.020189,-0.027285,-0.043548,-0.050251,-0.030189,-0.020259,-0.0094369,-0.0062937,-0.009176,0.018622,0.0048648
0.002885,0.0053641,-0.037969,-0.057807,-0.041102,-0.081734,-0.054308,-0.040104,-0.011955,0.0063747,0.019868
0.027083,0.030731,0.029795,0.040901,0.036188,0.021698,-0.02135,0.010904,0.0057686,0.0036864,0.003363
0.036212,0.040594,0.069611,0.078289,0.10062,0.084598,0.070306,0.055539,0.025802,0.020879,0.030746
0.031258,0.059914,0.048151,0.06671,0.045396,0.067221,0.068803,0.046276,0.047288,0.019789,0.029751
0.030794,0.010636,0.010071,0.012822,-0.0030634,0.023168,0.028343,0.036665,0.022639,0.047393,0.03419
