-0.0099607,-0.0013783,0.01106,0.03175,0.027721,0.0058027,-0.0085276,0.0020278,0.012089,0.020987,0.025828
-0.0026234,0.010881,0.017374,0.028534,0.013975,0.0034968,-0.0015101,0.00071255,0.031981,0.024945,0.027794
0.0045136,2.9502e-05,0.013786,0.020774,0.0091188,0.0053023,-0.010257,0.0071823,0.0094021,0.03252,0.022851
-0.020215,0.0021177,0.012831,0.024258,0.016673,0.0031583,-0.018572,-0.0023334,0.019503,0.016251,0.005961
0.00027279,0.023704,0.02863,0.033712,0.016633,0.013949,-0.012211,0.014155,0.016118,0.020624,0.0067711
0.0054306,0.011512,0.016221,0.0041608,-0.0080967,-0.011066,0.0026402,-0.0082011,-0.0015155,0.0053561,0.01673
0.036463,0.017429,0.0053628,0.0058648,-0.0037928,0.0015654,0.011019,0.004314,0.0023872,0.048805,0.010855
-0.001439,0.030218,-0.0056981,-0.00073686,0.0060907,0.0080429,-0.0013581,-0.0015378,-0.0020575,0.011865,0.00019873
0.021706,0.011382,0.010459,0.0040628,0.0076724,0.013295,0.01085,0.007513,-0.004291,0.024858,0.036511
0.017045,0.024846,0.0025435,0.0094339,0.0048998,0.0026361,-0.0011453,-0.015881,0.030445,0.0069344,0.013829
0.035883,-0.0053525,0.00031182,5.2738e-05,-0.0067322,-0.010745,0.0040231,-0.0060036,0.016193,0.016197,0.061155
