0.015701,-0.052892,-0.040419,-0.00023096,0.018744,0.015563,-0.030929,-0.022449,0.0078281,0.01527,-0.016656
0.017697,0.032828,-0.054556,-0.06534,-0.026957,0.05338,0.005787,-0.030271,-0.033314,0.017853,0.00091758
0.018867,0.059062,0.039834,-0.054193,-0.092657,-0.0089618,0.062655,0.0020068,-0.048654,-0.017152,-0.015431
-0.017744,0.026123,0.0759,0.061033,-0.025868,-0.07604,-0.01819,0.030369,-0.017338,-0.014012,-0.0032147
-0.038453,-0.036001,0.053912,0.079185,0.068369,-0.020589,-0.044643,0.0054491,-0.0064723,-0.0069851,-0.015165
-0.030381,-0.082246,-0.042116,0.052798,0.050794,0.037248,-0.019278,0.015227,0.032988,0.01247,-0.0074973
0.023069,-0.030125,-0.078821,-0.067564,0.0093196,0.012189,0.016526,0.027949,0.049815,0.029381,-0.0086106
0.042391,0.023508,-0.044212,-0.080853,-0.047786,-0.023614,0.0060138,0.024673,0.029215,0.017179,-0.0046676
0.044958,0.037622,0.063743,0.021931,-0.033224,-0.043621,-0.043638,-0.019691,-0.0046853,0.010234,0.0073938
-0.012715,-0.00025939,0.026294,0.044472,0.038418,-0.015367,-0.040013,-0.038586,-0.0094832,-0.0061295,0.020944
-0.03479,-0.066011,-0.019345,-0.011659,0.020543,0.036139,0.0030608,-0.037908,-0.026217,-0.007421,-0.0068844
