-0.0193,-0.016202,-0.031752,-0.045048,-0.026339,0.082179,0.039934,-0.015915,-0.026498,-0.015707,0.023476
-0.0050048,0.014406,-0.032004,-0.063413,-0.017429,0.073976,0.060382,0.022575,0.010324,0.0077526,0.024486
-0.0079466,-0.010069,-0.0047391,-0.041415,-0.036495,0.040625,0.033495,0.031224,0.022359,0.034305,0.033391
-0.018408,-0.0026244,0.0042074,-0.029752,-0.038502,-0.019865,0.025004,0.027911,0.03145,0.038708,0.017373
-0.0029062,-0.029037,0.012263,-0.010284,-0.04388,-0.039593,0.019397,0.05942,0.046927,0.014887,0.017188
0.016842,0.00037983,-0.0002746,0.01105,-0.028342,-0.025022,0.0028124,0.024853,0.044183,0.026447,0.0068057
0.010018,-0.018772,-0.012215,-0.0029099,-0.017529,-0.027937,-0.0016647,0.034808,0.042755,0.036236,0.00031143
0.0054909,-0.0066298,-0.025015,0.0046653,0.012979,-0.033236,-0.027661,0.0072198,0.0062291,0.027742,-0.0078472
-0.0017556,-0.01189,-0.026185,0.018563,-0.0086256,-0.041753,-0.017539,-0.0031916,0.026192,0.020346,0.0017189
0.016553,0.0079516,-0.019662,0.00070442,0.019677,-0.023013,-0.021537,-0.0025678,0.010395,0.01566,-0.00078773
0.012603,0.036277,0.013683,-0.003854,0.013205,-0.0068865,-0.0299,-0.01269,0.007687,0.020501,0.011305
