-0.010329,-0.0036583,0.0029092,0.023869,0.018493,0.0014367,0.0063447,0.0013869,-0.016417,-0.0086597,-0.018472
0.0091091,0.011642,0.021191,0.023336,0.037841,0.026938,-0.0070283,0.003125,0.0035641,0.0029273,-0.01363
0.016682,0.011981,0.0043013,0.02532,0.012991,0.035871,0.003217,0.0061948,-0.00011265,-0.0001455,-0.0058651
0.00086342,0.015692,-0.0018193,0.013585,-0.0021363,0.018216,0.00141,0.0092309,0.024184,0.0072508,-0.0054593
0.025357,0.019945,0.027543,0.0063724,0.0040701,0.0052797,0.020852,0.015232,0.020695,0.031159,0.016191
-0.016053,0.0018175,0.014998,0.0023147,0.0052107,0.008925,0.0034781,0.022634,0.022007,0.025563,-0.0076779
-0.005125,-0.0023158,-0.018124,0.0071985,-0.0045092,0.0070508,0.014168,0.013952,0.024842,0.020181,0.014641
0.0085451,-0.0078834,-0.01317,-0.027501,-0.024096,-0.017454,0.010227,0.00052999,0.01697,0.021306,0.0083573
-0.0098856,-0.0092961,-0.022048,-0.0021263,-0.022058,-0.027415,-0.0067422,-0.0010807,-0.03193,-0.00025081,-0.010625
-0.0031599,-0.0027643,-0.025344,-0.014296,-0.016732,-0.021222,-0.024326,-0.033902,-0.0073064,-0.031245,-0.017359
0.0087058,-0.011428,-0.011144,-0.0070429,-0.012163,-0.033153,-0.026475,-0.05223,-0.018856,-0.015758,-0.029791
