0.0054392,0.0025911,0.0052492,-0.001732,-0.010179,0.025673,0.01864,0.0057578,-0.015053,0.014437,0.030973
0.023503,0.01447,-0.00032378,0.003448,0.008688,0.032979,0.020876,0.060951,0.0296,-0.020224,-0.006902
-0.010539,0.0062446,0.026981,-0.027062,-0.027497,-0.016103,0.0038299,-0.0058569,0.014375,0.011099,-0.031939
-0.0092048,0.00026607,0.013453,0.00081386,-0.030817,-0.049895,-0.032669,-0.00041871,0.0015911,0.028101,0.022466
0.014902,0.038068,0.014407,0.030169,0.019434,-0.00085606,-0.072296,-0.10148,-0.013897,0.0095914,0.049974
-0.034802,-0.023911,-0.0054147,0.0048839,0.029673,0.065896,0.024631,-0.036623,-0.11895,-0.090521,-0.015927
0.0042989,-0.036453,-0.028848,0.023791,0.069152,0.08554,0.11319,0.086871,0.082031,-0.015109,-0.092005
0.01736,-0.007467,-0.047802,-0.047272,-0.019002,0.015745,0.070545,0.060762,0.089416,0.11285,0.074723
-0.0045493,0.0092018,-0.022762,-0.042014,-0.033163,-0.080829,-0.03395,-0.013927,0.024854,0.046631,0.064837
-0.014569,0.034478,0.00031287,-0.010374,-0.007688,-0.029627,-0.064085,-0.055462,-0.030184,-0.018613,-0.028171
-0.0022268,0.0064762,0.042944,0.03912,0.028399,0.016056,-0.017434,-0.033414,-0.060014,-0.051856,-0.062963
