-0.033489,-0.041281,-0.026557,-0.0081316,0.0038815,0.041966,0.022795,0.016675,0.015818,-0.0015224,-0.0036221
-0.0343,-0.041213,-0.046926,-0.040886,-0.027626,-0.0016229,0.030778,0.019726,0.018886,0.016467,-0.01099
-0.021228,-0.049971,-0.063309,-0.037522,-0.051529,-0.0085378,0.0091014,0.0093217,0.0068121,0.0030826,0.011965
-0.005055,-0.019688,-0.01885,-0.014016,-0.026434,-0.019593,0.005704,0.028815,0.0086969,0.0030635,-0.0043942
0.0033294,-0.030259,-0.018763,-0.039764,-0.015318,-0.022696,-0.016794,-0.00060044,0.011684,-0.0010888,-0.0065496
0.026113,0.0033576,-0.016331,-0.0084369,-0.019421,-0.027159,-0.029028,-0.029729,-0.010078,-0.015629,0.0013697
0.035509,0.041814,0.011386,-0.011754,-0.015562,-0.038692,-0.043153,-0.026717,-0.028766,-0.015282,-0.0096777
0.017212,0.078048,0.055194,0.010648,-0.002722,-0.021852,-0.02448,-0.043934,-0.017686,0.010657,0.0021551
0.035547,0.057797,0.080358,0.053177,0.00049194,-0.017035,-0.035988,-0.041419,-0.0080331,-0.0082046,-0.0024645
0.027712,0.039591,0.031629,0.051605,0.035654,-0.029756,0.0075281,-0.0049722,0.0038419,-0.015372,-0.000112
0.011467,0.03874,0.028313,0.031125,0.057992,0.039211,-0.0057096,-0.039699,-0.0062137,0.0084502,-0.012702
