-0.043259,0.0062541,0.00059274,-0.029143,-0.0282,0.034037,0.042574,0.0066507,-0.011663,-0.030548,-0.033019
-0.011738,-0.0022647,-0.006764,-0.013327,-0.022304,0.026328,0.067147,0.011556,0.028759,0.0019633,0.0047086
-0.012166,-0.026408,0.0028224,0.0094728,-0.025116,0.00014727,0.060434,0.0085371,0.010509,-0.0063616,-0.014016
-0.0061086,-0.045317,0.0056825,0.014414,-0.032684,-0.039568,0.04025,0.049125,-0.0060708,-0.045237,-0.022541
-0.0069526,-0.0059606,-0.011316,0.022699,-0.019779,-0.046074,0.047921,0.046754,-0.015588,-0.021695,-0.030624
-0.019019,-0.03313,-0.014058,0.0058851,-0.0026463,-0.075724,0.020511,0.064646,-0.021074,-0.026071,-0.010894
0.016714,-0.0012716,-0.020001,0.011867,0.025321,-0.07236,0.0011386,0.083062,0.0021865,-0.043792,-0.017606
0.00024317,-0.010203,-0.01077,-0.0032458,-0.0026503,-0.045078,-0.06285,0.054864,0.031102,-0.043158,-0.037012
-0.014144,-0.024914,0.0062884,-0.01851,0.02007,-0.026559,-0.054962,0.029073,0.044409,-0.010323,-0.034309
-0.036684,-0.0075906,0.018882,0.031386,0.032211,-0.00046416,-0.031679,0.019148,0.038373,-0.0053915,-0.0077397
-0.028819,-0.028253,-0.010803,0.00020429,0.0060045,0.0055158,-0.047944,-0.021461,0.032086,-9.1601e-05,-0.051419
