-0.0096325,0.0052174,-0.01635,-0.024001,-0.039789,-0.052941,-0.015076,0.018402,0.010472,-0.0058303,0.0058582
0.0021452,-0.0077037,-0.004706,-0.02759,-0.032245,-0.025508,0.0034651,0.0067268,0.02469,-0.030975,0.020247
0.0096988,0.0045991,-0.014454,-0.04785,-0.041875,-0.037959,-0.020742,0.020004,0.01095,-0.020505,-0.026668
0.0047683,-0.0179,-0.047827,-0.060866,-0.064627,-0.051717,-0.041411,0.012853,0.01173,-0.0029422,-0.037571
-0.01155,-0.02417,-0.022547,-0.018863,-0.077105,-0.058295,-0.017462,0.017565,0.044616,-0.035,-0.025419
-0.011072,-0.025386,-0.025413,-0.035201,-0.061446,-0.045024,0.028113,0.032748,0.033921,-0.016424,-0.029639
0.011557,-0.0076423,-0.0098695,-0.018343,-0.042294,-0.037137,0.00013373,0.036011,0.011864,-0.018791,-0.050269
-0.0051762,-0.0045774,-0.022957,-0.019528,-0.032945,-0.016957,0.010581,0.026184,0.035108,0.021024,-0.034538
-0.0011863,-0.0031283,0.0036902,-0.032087,-0.026746,0.011222,0.033652,0.029807,0.029092,0.022086,-0.038083
-0.0030754,-0.010812,0.0014479,-0.030108,-0.023405,-0.0044215,0.018155,0.032789,0.017503,-0.00026963,0.0023855
-5.0073e-05,-0.007079,-9.1614e-05,-0.035125,0.022541,0.030084,-0.0042306,0.027088,0.016096,0.003202,-0.015597
