0.014976,0.036362,0.02296,0.024733,0.012237,0.017599,0.049666,0.011572,-0.0022155,0.0015571,-0.00023758
0.020763,0.003463,0.0082244,0.012363,0.030074,0.0013699,0.030774,0.0046454,-0.0029732,-0.015796,0.0037324
0.007541,-0.0096955,-0.0089595,0.0082334,0.017309,0.024734,0.022342,-0.0062671,0.021399,0.0056396,0.015779
0.014946,-0.0063821,0.00081769,0.0012404,0.0019424,0.00074351,0.0031352,-0.019139,0.013052,-0.014905,-0.0045959
-0.0007615,-0.004461,-0.027938,0.0077555,0.0012554,0.013806,-0.0051092,0.0062416,-0.011159,0.0011134,0.006342
-0.0027725,-0.0068514,-0.0035554,-0.0050037,0.010524,-0.01441,0.00041807,-0.012743,0.017423,-0.0082383,0.01345
-0.02312,-0.0021313,-0.016791,-0.011109,0.0043439,-0.012417,-0.02117,-0.011547,0.0006107,-0.0013109,0.016354
-0.038219,-0.012039,-0.0010967,0.0014695,-0.0019259,-0.012015,0.010154,0.0013868,-0.010319,0.015726,0.01291
-0.01472,0.00048013,0.0086547,0.0019034,0.000712,-0.035225,0.0068928,0.02332,-0.0047808,-0.011363,0.0051884
-0.005949,0.012356,-0.0008001,0.0074478,0.0080811,0.0078723,0.012519,-0.0070888,-0.0005081,-0.0035686,0.034243
-0.0065429,0.0041052,-0.0040927,-0.0055592,-0.015731,-0.01588,0.014117,0.00082225,-0.0017812,-0.0011465,0.02875
