0.064985,-0.039672,-0.05301,-0.0038791,-0.0068993,0.0081135,0.0051462,0.022757,0.00062387,0.013002,-0.0039438
0.054586,-0.040332,-0.049777,0.0049933,0.01594,0.0047929,0.013939,0.020499,-0.0097667,-0.001621,-0.013583
0.036943,-0.0061245,-0.076764,-0.018508,0.033388,-0.014495,0.0088206,0.014065,-0.010337,-0.020289,-0.0016601
0.057231,0.028567,-0.069857,-0.054228,0.027855,-0.0086454,-0.035965,-0.033076,-0.00025191,-0.00023801,0.017179
0.066453,0.040897,-0.05412,-0.081828,0.041447,-0.028117,-0.048315,-0.0074948,0.016054,0.022667,0.012677
0.062484,0.061443,-0.036418,-0.057107,0.033019,-0.0096193,-0.0066566,0.023143,0.024493,0.019468,-0.027154
0.038408,0.06665,-0.00048366,-0.056821,0.015796,0.017697,0.013426,0.010277,0.049417,0.022649,-0.024999
0.022206,0.046979,0.020754,-0.068111,0.0060598,0.011954,0.0016561,0.008768,0.034121,0.031087,-0.010214
0.00062815,0.036885,0.038731,-0.050674,-0.034197,-0.0020563,0.0038351,0.013238,0.015759,0.043065,-0.022648
0.015226,0.033937,0.034268,-0.045667,-0.067453,-0.005698,-0.0063996,0.0033569,-0.0071686,0.024008,-0.018539
-0.0019284,0.028019,0.016055,-0.024376,-0.070747,-0.026209,0.015684,0.0012097,-0.0079396,0.026977,-0.00036503
