0.012116,-0.014694,-0.0014229,-0.044467,-0.023295,0.0085896,0.0027523,0.00013075,0.03436,0.018447,0.011752
-0.024185,-0.022155,-0.042563,-0.031894,0.021478,0.054416,0.017455,-0.011273,0.023364,0.0061688,-0.013521
-0.037319,-0.0068251,-0.034274,-0.024645,0.044053,0.027379,0.015596,0.018083,0.013515,-0.0064054,-0.0073538
-0.023654,-0.057587,-0.022397,0.0076099,0.053668,0.031201,0.016396,-0.00013937,0.025131,-0.0024323,-0.025207
-0.045048,-0.050602,-0.006191,0.008738,0.055011,0.025309,0.017104,0.0046657,0.01143,-0.018969,0.017611
-0.055205,-0.059015,0.0076529,0.0035142,0.021037,0.006022,0.027225,-0.004543,-0.00089334,0.0037905,0.0015827
-0.055556,-0.028618,-0.0062481,0.004447,0.014427,-0.0094894,0.037211,0.049626,0.011583,-0.028165,0.0067389
-0.018327,-0.026863,0.010493,-0.0040961,0.0071107,-0.012047,0.014718,0.05533,0.016212,-0.042574,-0.012524
-0.021582,-0.035324,0.014292,0.0020534,0.011941,0.0067005,0.017428,0.041067,0.030528,-0.019146,-0.0051549
-0.019227,-0.0030678,0.0082034,0.015968,0.011907,-0.020869,0.018368,0.0018567,0.0032518,0.0018469,0.00033216
-0.026184,-0.010745,0.0038773,0.037942,0.024175,0.0035642,0.028566,-0.003644,-0.01438,0.017889,0.073186
