0.052187,0.035165,0.018555,0.031861,0.012811,0.01411,0.011943,0.001633,-0.0022308,0.0010822,0.010098
0.010192,0.025286,0.031609,0.051628,0.019542,0.032909,-0.0053595,0.01903,-0.011515,-0.015887,-0.0024352
-0.0033423,-0.0017793,0.023853,0.020539,0.035579,0.018188,0.015242,0.018259,0.018907,0.00027402,0.00033043
-0.0011078,-0.029885,-0.011227,-0.00030263,-0.012452,0.029431,0.019133,0.031374,0.038427,0.053561,0.017099
-0.019796,-0.023628,-0.054256,-0.02702,-0.033525,-0.013445,0.018407,0.010849,0.02992,0.041775,0.026503
-0.010216,-0.013971,-0.028258,-0.00037943,-0.017076,-0.040274,-0.025072,-0.0049404,0.0072238,0.00067039,0.019113
0.022132,0.017608,0.023877,0.020413,0.0055932,0.0041501,-0.03904,-0.027528,-0.026898,-0.051085,-0.016832
0.012386,0.012371,0.015414,0.037093,0.042716,0.020427,-0.031308,-0.042273,-0.033748,-0.0163,-0.049467
0.01059,0.011683,0.03047,0.015653,0.024797,-0.0061525,0.0022351,-0.0071326,-0.023949,-0.017409,-0.0064412
-0.0086013,-0.0053622,0.022488,-0.015374,-0.0091132,-0.0015102,0.021626,0.034436,0.017127,0.0043308,0.017933
0.024302,0.0086327,-0.020883,-0.015705,-0.019435,0.0018119,0.013562,0.027054,0.0014544,0.0084644,0.0068617
