0.027184,0.022644,0.021952,0.023664,0.0021305,-0.0045235,-0.020229,0.017465,0.024652,0.01444,0.044981
0.0039566,-0.0045592,-0.0071371,0.0036548,0.0077276,0.0017734,0.0087839,0.027018,0.0027309,-0.0097453,0.00084926
0.026354,0.00013211,-0.0076205,-0.0022566,0.0087681,-0.012435,-0.0261,0.001354,-0.00015104,0.0023856,0.018597
-0.0026412,0.018492,-0.011373,0.021347,0.017362,0.022765,-0.00127,0.017088,0.013319,0.00075772,0.01378
0.014983,0.029996,0.017121,0.026696,0.018734,0.023986,0.010173,0.022089,-0.020462,-0.011518,-0.026762
0.022726,0.012234,0.013013,0.019951,0.01069,-0.024551,-0.023418,0.010524,-0.015096,-0.0092288,0.0050487
-0.014977,0.013039,-0.0058244,0.018503,0.0094327,0.0020693,-0.00090165,0.018065,-0.0060711,-0.031278,-0.0062996
0.012881,0.018692,-0.015202,0.012699,0.027043,-0.024334,0.0041302,0.01937,-0.0038352,-0.01836,-0.00021535
-0.011742,-0.01195,-0.0081933,0.014795,0.02656,-0.024512,0.010499,0.017706,-0.017836,-0.022551,0.012643
5.4391e-05,-0.0049427,0.0092429,0.02589,0.019391,0.0079546,0.015102,0.0057843,-0.0035443,0.009061,0.014253
0.031701,0.0073687,0.012354,0.017971,0.025883,0.0095997,0.033824,0.074761,0.011437,0.024262,0.0025599
