0.0088937,-0.0034731,-0.015561,-0.012629,-0.0054054,-0.018226,-0.0078736,0.013877,0.021545,0.00076093,-0.023564
0.017519,0.0042652,0.020487,-0.0030995,0.0027396,-0.00068223,0.014287,0.0043794,0.020373,-0.011377,0.0058132
-0.011265,0.0068256,0.0065812,0.0032717,0.012798,-0.011375,-0.013129,0.017399,0.010684,-0.01105,-0.006668
0.015471,0.0015794,0.0018492,-0.013555,-0.021081,-0.014187,-0.017298,0.030275,0.0098763,-0.010577,-0.028841
-0.0023726,0.0093108,-0.0079543,0.0084154,-0.018165,-0.030797,-0.0057305,0.015571,0.01569,0.0049795,-0.022971
-0.011671,-0.0066885,0.015283,-0.011457,-0.0090289,-0.014192,-0.0014292,0.037991,0.0081768,-0.011456,-0.023649
-0.0032982,-0.0050939,-0.017458,-0.0027529,-0.0027756,0.0016381,0.013974,0.040855,-0.0028497,-0.0040774,-0.017692
0.010854,0.0075718,0.0099865,-0.002144,-0.013159,-0.0002823,-0.00055129,-0.0016284,0.0042683,0.026841,-0.0038882
0.0015085,0.0014702,-0.0059268,-0.0052712,0.0050345,-0.012028,-0.0026383,0.023122,0.011134,0.010432,-0.040892
0.0032466,-0.0088334,-0.012315,-0.018514,-0.015883,0.030001,0.013391,0.026062,0.0075785,0.0026266,-0.033101
0.013234,-0.027196,-0.016189,-0.018691,0.0093315,0.0079118,0.014783,0.0018669,0.012909,-0.0007496,-0.024577
