0.0025197,0.0085763,0.035053,0.0093463,-0.0044922,-0.0098068,0.0080497,0.057142,0.018973,0.027752,0.0281
-0.017782,-0.0053089,-0.0064275,-0.021637,-0.020176,-0.03633,-0.025393,0.026526,0.028786,0.034312,0.036304
-0.0066737,0.013324,-0.0069614,-0.011181,-0.0035493,-0.030716,-0.037936,0.0032774,-0.017399,0.00031527,0.013617
0.017567,0.019146,0.027105,-0.0080534,0.019262,-0.047042,-0.058141,-0.0091666,-0.030149,-0.027785,-0.0077009
-0.0022822,0.045326,0.036072,0.038976,0.037861,0.010999,-0.033384,0.00053074,-0.0041528,-0.042254,-0.026005
-0.031788,-0.0074004,0.0082422,0.019978,0.024203,0.025444,0.03097,0.050436,-0.0033297,-0.031811,-0.087869
-0.033791,-0.0091099,-0.0054433,-0.0041068,0.041081,0.012381,0.038358,0.086698,0.045735,0.01703,-0.028913
-0.025531,-0.00080068,-0.0046745,-0.038956,-0.041958,-0.0064565,0.040548,0.044269,0.044808,0.032467,0.017436
-0.010365,-0.002056,-0.01716,-0.020623,-0.043429,-0.0066835,0.012597,0.006035,0.011908,0.0016918,0.046483
0.015421,-0.002355,-0.013643,-0.012183,-0.01795,0.00452,0.037154,0.0052547,-0.0043299,-0.051206,-0.0078603
0.013258,0.011075,-0.0015332,-0.028057,-0.032884,-0.023209,-0.011023,0.033584,-0.012712,-0.069843,-0.02973
