0.01042,-0.0049648,0.00027926,-0.028208,-0.014807,-0.030904,-0.029166,-0.039711,-0.036763,-0.02682,-0.0058213
0.0056969,-0.01756,0.01936,0.0076606,0.0038133,-0.029539,-0.0080247,0.0086808,0.010969,0.014261,0.035484
-0.017871,-0.0022537,-0.0043241,-0.0056232,0.01176,-0.0081078,0.0037145,0.016387,0.005042,0.0058339,0.025519
0.013624,0.032821,0.012533,-0.018605,0.0078539,0.0021432,0.0057491,0.01097,0.0045511,-0.0026206,0.020725
0.013987,-0.00058768,0.032015,0.022415,0.0055021,-0.012183,0.0040179,0.0090883,-0.016091,0.0036649,0.021856
0.013319,0.014082,-0.005502,-0.0072776,0.025906,0.029651,0.014323,0.028937,-0.00026311,0.0051791,0.02499
-0.0067097,0.015764,0.010401,0.01006,0.017526,0.011924,-0.0029437,0.0092801,0.0046477,0.0086663,0.029993
0.015045,0.017452,0.00072029,-0.0006228,0.025756,0.0077793,0.016244,0.012366,0.0028668,-0.010737,0.017431
0.0083785,-0.015236,0.022182,0.0034374,0.015277,0.010588,0.00044724,0.014018,0.005612,0.0069978,0.0092223
-0.019246,0.018019,0.0017892,-0.0016127,-0.000982,0.010028,0.008579,-0.0049632,-0.0056787,0.0047487,-0.0036171
-0.0039441,0.013833,0.012142,-0.020233,0.0062686,0.023397,0.037947,-0.01525,0.014313,0.0068826,0.015255
